--
-- Volcado de datos para la tabla `seats`
--

INSERT INTO `seats` (`id`, `number`, `id_trip`, `assigned`) VALUES
(3250, 1, 1, 0),
(3251, 2, 1, 0),
(3252, 3, 1, 0),
(3253, 4, 1, 0),
(3254, 5, 1, 0),
(3255, 6, 1, 0),
(3256, 7, 1, 0),
(3257, 8, 1, 0),
(3258, 9, 1, 0),
(3259, 10, 1, 0),
(3260, 11, 1, 0),
(3261, 12, 1, 0),
(3262, 13, 1, 0),
(3263, 14, 1, 0),
(3264, 15, 1, 0),
(3265, 16, 1, 0),
(3266, 17, 1, 0),
(3267, 18, 1, 0),
(3268, 19, 1, 0),
(3269, 20, 1, 0),
(3270, 21, 1, 0),
(3271, 22, 1, 0),
(3272, 23, 1, 0),
(3273, 24, 1, 0),
(3274, 25, 1, 0),
(3275, 26, 1, 0),
(3276, 27, 1, 0),
(3277, 28, 1, 0),
(3278, 29, 1, 0),
(3279, 30, 1, 0),
(3280, 31, 1, 0),
(3281, 32, 1, 0),
(3282, 33, 1, 0),
(3283, 34, 1, 0),
(3284, 35, 1, 0),
(3285, 36, 1, 0),
(3286, 37, 1, 0),
(3287, 38, 1, 0),
(3288, 39, 1, 0),
(3289, 40, 1, 0),
(3290, 41, 1, 0),
(3291, 42, 1, 0),
(3292, 43, 1, 0),
(3293, 44, 1, 0),
(3294, 45, 1, 0),
(3295, 46, 1, 0),
(3296, 47, 1, 0),
(3297, 48, 1, 0),
(3298, 1, 2, 0),
(3299, 2, 2, 0),
(3300, 3, 2, 0),
(3301, 4, 2, 0),
(3302, 5, 2, 0),
(3303, 6, 2, 0),
(3304, 7, 2, 0),
(3305, 8, 2, 0),
(3306, 9, 2, 0),
(3307, 10, 2, 0),
(3308, 11, 2, 0),
(3309, 12, 2, 0),
(3310, 13, 2, 0),
(3311, 14, 2, 0),
(3312, 15, 2, 0),
(3313, 16, 2, 0),
(3314, 17, 2, 0),
(3315, 18, 2, 0),
(3316, 19, 2, 0),
(3317, 20, 2, 0),
(3318, 21, 2, 0),
(3319, 22, 2, 0),
(3320, 23, 2, 0),
(3321, 24, 2, 0),
(3322, 25, 2, 0),
(3323, 26, 2, 0),
(3324, 27, 2, 0),
(3325, 28, 2, 0),
(3326, 29, 2, 0),
(3327, 30, 2, 0),
(3328, 31, 2, 0),
(3329, 32, 2, 0),
(3330, 33, 2, 0),
(3331, 34, 2, 0),
(3332, 35, 2, 0),
(3333, 36, 2, 0),
(3334, 37, 2, 0),
(3335, 38, 2, 0),
(3336, 39, 2, 0),
(3337, 40, 2, 0),
(3338, 41, 2, 0),
(3339, 42, 2, 0),
(3340, 43, 2, 0),
(3341, 44, 2, 0),
(3342, 45, 2, 0),
(3343, 46, 2, 0),
(3344, 47, 2, 0),
(3345, 48, 2, 0),
(3346, 1, 3, 0),
(3347, 2, 3, 0),
(3348, 3, 3, 0),
(3349, 4, 3, 0),
(3350, 5, 3, 0),
(3351, 6, 3, 0),
(3352, 7, 3, 0),
(3353, 8, 3, 0),
(3354, 9, 3, 0),
(3355, 10, 3, 0),
(3356, 11, 3, 0),
(3357, 12, 3, 0),
(3358, 13, 3, 0),
(3359, 14, 3, 0),
(3360, 15, 3, 0),
(3361, 16, 3, 0),
(3362, 17, 3, 0),
(3363, 18, 3, 0),
(3364, 19, 3, 0),
(3365, 20, 3, 0),
(3366, 21, 3, 0),
(3367, 22, 3, 0),
(3368, 23, 3, 0),
(3369, 24, 3, 0),
(3370, 25, 3, 0),
(3371, 26, 3, 0),
(3372, 27, 3, 0),
(3373, 28, 3, 0),
(3374, 29, 3, 0),
(3375, 30, 3, 0),
(3376, 31, 3, 0),
(3377, 32, 3, 0),
(3378, 33, 3, 0),
(3379, 34, 3, 0),
(3380, 35, 3, 0),
(3381, 36, 3, 0),
(3382, 37, 3, 0),
(3383, 38, 3, 0),
(3384, 39, 3, 0),
(3385, 40, 3, 0),
(3386, 41, 3, 0),
(3387, 42, 3, 0),
(3388, 43, 3, 0),
(3389, 44, 3, 0),
(3390, 45, 3, 0),
(3391, 46, 3, 0),
(3392, 47, 3, 0),
(3393, 48, 3, 0),
(3394, 49, 3, 0),
(3395, 50, 3, 0),
(3396, 51, 3, 0),
(3397, 52, 3, 0),
(3398, 53, 3, 0),
(3399, 54, 3, 0),
(3400, 55, 3, 0),
(3401, 56, 3, 0),
(3402, 57, 3, 0),
(3403, 58, 3, 0),
(3404, 59, 3, 0),
(3405, 60, 3, 0),
(3406, 61, 3, 0),
(3407, 62, 3, 0),
(3408, 63, 3, 0),
(3409, 64, 3, 0),
(3410, 65, 3, 0),
(3411, 1, 4, 0),
(3412, 2, 4, 0),
(3413, 3, 4, 0),
(3414, 4, 4, 0),
(3415, 5, 4, 0),
(3416, 6, 4, 0),
(3417, 7, 4, 0),
(3418, 8, 4, 0),
(3419, 9, 4, 0),
(3420, 10, 4, 0),
(3421, 11, 4, 0),
(3422, 12, 4, 0),
(3423, 13, 4, 0),
(3424, 14, 4, 0),
(3425, 15, 4, 0),
(3426, 16, 4, 0),
(3427, 17, 4, 0),
(3428, 18, 4, 0),
(3429, 19, 4, 0),
(3430, 20, 4, 0),
(3431, 21, 4, 0),
(3432, 22, 4, 0),
(3433, 23, 4, 0),
(3434, 24, 4, 0),
(3435, 25, 4, 0),
(3436, 26, 4, 0),
(3437, 27, 4, 0),
(3438, 28, 4, 0),
(3439, 29, 4, 0),
(3440, 30, 4, 0),
(3441, 31, 4, 0),
(3442, 32, 4, 0),
(3443, 33, 4, 0),
(3444, 34, 4, 0),
(3445, 35, 4, 0),
(3446, 36, 4, 0),
(3447, 37, 4, 0),
(3448, 38, 4, 0),
(3449, 39, 4, 0),
(3450, 40, 4, 0),
(3451, 41, 4, 0),
(3452, 42, 4, 0),
(3453, 43, 4, 0),
(3454, 44, 4, 0),
(3455, 45, 4, 0),
(3456, 46, 4, 0),
(3457, 47, 4, 0),
(3458, 48, 4, 0),
(3459, 1, 5, 0),
(3460, 2, 5, 0),
(3461, 3, 5, 0),
(3462, 4, 5, 0),
(3463, 5, 5, 0),
(3464, 6, 5, 0),
(3465, 7, 5, 0),
(3466, 8, 5, 0),
(3467, 9, 5, 0),
(3468, 10, 5, 0),
(3469, 11, 5, 0),
(3470, 12, 5, 0),
(3471, 13, 5, 0),
(3472, 14, 5, 0),
(3473, 15, 5, 0),
(3474, 16, 5, 0),
(3475, 17, 5, 0),
(3476, 18, 5, 0),
(3477, 19, 5, 0),
(3478, 20, 5, 0),
(3479, 21, 5, 0),
(3480, 22, 5, 0),
(3481, 23, 5, 0),
(3482, 24, 5, 0),
(3483, 25, 5, 0),
(3484, 26, 5, 0),
(3485, 27, 5, 0),
(3486, 28, 5, 0),
(3487, 29, 5, 0),
(3488, 30, 5, 0),
(3489, 31, 5, 0),
(3490, 32, 5, 0),
(3491, 33, 5, 0),
(3492, 34, 5, 0),
(3493, 35, 5, 0),
(3494, 36, 5, 0),
(3495, 37, 5, 0),
(3496, 38, 5, 0),
(3497, 39, 5, 0),
(3498, 40, 5, 0),
(3499, 41, 5, 0),
(3500, 42, 5, 0),
(3501, 43, 5, 0),
(3502, 44, 5, 0),
(3503, 45, 5, 0),
(3504, 46, 5, 0),
(3505, 47, 5, 0),
(3506, 48, 5, 0),
(3507, 1, 6, 0),
(3508, 2, 6, 0),
(3509, 3, 6, 0),
(3510, 4, 6, 0),
(3511, 5, 6, 0),
(3512, 6, 6, 0),
(3513, 7, 6, 0),
(3514, 8, 6, 0),
(3515, 9, 6, 0),
(3516, 10, 6, 0),
(3517, 11, 6, 0),
(3518, 12, 6, 0),
(3519, 13, 6, 0),
(3520, 14, 6, 0),
(3521, 15, 6, 0),
(3522, 16, 6, 0),
(3523, 17, 6, 0),
(3524, 18, 6, 0),
(3525, 19, 6, 0),
(3526, 20, 6, 0),
(3527, 21, 6, 0),
(3528, 22, 6, 0),
(3529, 23, 6, 0),
(3530, 24, 6, 0),
(3531, 25, 6, 0),
(3532, 26, 6, 0),
(3533, 27, 6, 0),
(3534, 28, 6, 0),
(3535, 29, 6, 0),
(3536, 30, 6, 0),
(3537, 31, 6, 0),
(3538, 32, 6, 0),
(3539, 33, 6, 0),
(3540, 34, 6, 0),
(3541, 35, 6, 0),
(3542, 36, 6, 0),
(3543, 37, 6, 0),
(3544, 38, 6, 0),
(3545, 39, 6, 0),
(3546, 40, 6, 0),
(3547, 41, 6, 0),
(3548, 42, 6, 0),
(3549, 43, 6, 0),
(3550, 44, 6, 0),
(3551, 45, 6, 0),
(3552, 46, 6, 0),
(3553, 47, 6, 0),
(3554, 48, 6, 0),
(3555, 49, 6, 0),
(3556, 50, 6, 0),
(3557, 51, 6, 0),
(3558, 52, 6, 0),
(3559, 53, 6, 0),
(3560, 54, 6, 0),
(3561, 55, 6, 0),
(3562, 56, 6, 0),
(3563, 57, 6, 0),
(3564, 58, 6, 0),
(3565, 59, 6, 0),
(3566, 60, 6, 0),
(3567, 61, 6, 0),
(3568, 62, 6, 0),
(3569, 63, 6, 0),
(3570, 64, 6, 0),
(3571, 65, 6, 0),
(3572, 1, 7, 0),
(3573, 2, 7, 0),
(3574, 3, 7, 0),
(3575, 4, 7, 0),
(3576, 5, 7, 0),
(3577, 6, 7, 0),
(3578, 7, 7, 0),
(3579, 8, 7, 0),
(3580, 9, 7, 0),
(3581, 10, 7, 0),
(3582, 11, 7, 0),
(3583, 12, 7, 0),
(3584, 13, 7, 0),
(3585, 14, 7, 0),
(3586, 15, 7, 0),
(3587, 16, 7, 0),
(3588, 17, 7, 0),
(3589, 18, 7, 0),
(3590, 19, 7, 0),
(3591, 20, 7, 0),
(3592, 21, 7, 0),
(3593, 22, 7, 0),
(3594, 23, 7, 0),
(3595, 24, 7, 0),
(3596, 25, 7, 0),
(3597, 26, 7, 0),
(3598, 27, 7, 0),
(3599, 28, 7, 0),
(3600, 29, 7, 0),
(3601, 30, 7, 0),
(3602, 31, 7, 0),
(3603, 32, 7, 0),
(3604, 33, 7, 0),
(3605, 34, 7, 0),
(3606, 35, 7, 0),
(3607, 36, 7, 0),
(3608, 37, 7, 0),
(3609, 38, 7, 0),
(3610, 39, 7, 0),
(3611, 40, 7, 0),
(3612, 41, 7, 0),
(3613, 42, 7, 0),
(3614, 43, 7, 0),
(3615, 44, 7, 0),
(3616, 45, 7, 0),
(3617, 46, 7, 0),
(3618, 47, 7, 0),
(3619, 48, 7, 0),
(3620, 49, 7, 0),
(3621, 50, 7, 0),
(3622, 51, 7, 0),
(3623, 52, 7, 0),
(3624, 53, 7, 0),
(3625, 54, 7, 0),
(3626, 55, 7, 0),
(3627, 56, 7, 0),
(3628, 57, 7, 0),
(3629, 58, 7, 0),
(3630, 59, 7, 0),
(3631, 60, 7, 0),
(3632, 61, 7, 0),
(3633, 62, 7, 0),
(3634, 63, 7, 0),
(3635, 64, 7, 0),
(3636, 65, 7, 0),
(3637, 1, 8, 0),
(3638, 2, 8, 0),
(3639, 3, 8, 0),
(3640, 4, 8, 0),
(3641, 5, 8, 0),
(3642, 6, 8, 0),
(3643, 7, 8, 0),
(3644, 8, 8, 0),
(3645, 9, 8, 0),
(3646, 10, 8, 0),
(3647, 11, 8, 0),
(3648, 12, 8, 0),
(3649, 13, 8, 0),
(3650, 14, 8, 0),
(3651, 15, 8, 0),
(3652, 16, 8, 0),
(3653, 17, 8, 0),
(3654, 18, 8, 0),
(3655, 19, 8, 0),
(3656, 20, 8, 0),
(3657, 21, 8, 0),
(3658, 22, 8, 0),
(3659, 23, 8, 0),
(3660, 24, 8, 0),
(3661, 25, 8, 0),
(3662, 26, 8, 0),
(3663, 27, 8, 0),
(3664, 28, 8, 0),
(3665, 29, 8, 0),
(3666, 30, 8, 0),
(3667, 31, 8, 0),
(3668, 32, 8, 0),
(3669, 33, 8, 0),
(3670, 34, 8, 0),
(3671, 35, 8, 0),
(3672, 36, 8, 0),
(3673, 37, 8, 0),
(3674, 38, 8, 0),
(3675, 39, 8, 0),
(3676, 40, 8, 0),
(3677, 41, 8, 0),
(3678, 42, 8, 0),
(3679, 43, 8, 0),
(3680, 44, 8, 0),
(3681, 45, 8, 0),
(3682, 46, 8, 0),
(3683, 47, 8, 0),
(3684, 48, 8, 0),
(3685, 49, 8, 0),
(3686, 50, 8, 0),
(3687, 51, 8, 0),
(3688, 52, 8, 0),
(3689, 53, 8, 0),
(3690, 54, 8, 0),
(3691, 55, 8, 0),
(3692, 56, 8, 0),
(3693, 57, 8, 0),
(3694, 58, 8, 0),
(3695, 59, 8, 0),
(3696, 60, 8, 0),
(3697, 61, 8, 0),
(3698, 62, 8, 0),
(3699, 63, 8, 0),
(3700, 64, 8, 0),
(3701, 65, 8, 0),
(3702, 1, 9, 0),
(3703, 2, 9, 0),
(3704, 3, 9, 0),
(3705, 4, 9, 0),
(3706, 5, 9, 0),
(3707, 6, 9, 0),
(3708, 7, 9, 0),
(3709, 8, 9, 0),
(3710, 9, 9, 0),
(3711, 10, 9, 0),
(3712, 11, 9, 0),
(3713, 12, 9, 0),
(3714, 13, 9, 0),
(3715, 14, 9, 0),
(3716, 15, 9, 0),
(3717, 16, 9, 0),
(3718, 17, 9, 0),
(3719, 18, 9, 0),
(3720, 19, 9, 0),
(3721, 20, 9, 0),
(3722, 21, 9, 0),
(3723, 22, 9, 0),
(3724, 23, 9, 0),
(3725, 24, 9, 0),
(3726, 25, 9, 0),
(3727, 26, 9, 0),
(3728, 27, 9, 0),
(3729, 28, 9, 0),
(3730, 29, 9, 0),
(3731, 30, 9, 0),
(3732, 31, 9, 0),
(3733, 32, 9, 0),
(3734, 33, 9, 0),
(3735, 34, 9, 0),
(3736, 35, 9, 0),
(3737, 36, 9, 0),
(3738, 37, 9, 0),
(3739, 38, 9, 0),
(3740, 39, 9, 0),
(3741, 40, 9, 0),
(3742, 41, 9, 0),
(3743, 42, 9, 0),
(3744, 43, 9, 0),
(3745, 44, 9, 0),
(3746, 45, 9, 0),
(3747, 46, 9, 0),
(3748, 47, 9, 0),
(3749, 48, 9, 0),
(3750, 49, 9, 0),
(3751, 50, 9, 0),
(3752, 51, 9, 0),
(3753, 52, 9, 0),
(3754, 53, 9, 0),
(3755, 54, 9, 0),
(3756, 55, 9, 0),
(3757, 56, 9, 0),
(3758, 57, 9, 0),
(3759, 58, 9, 0),
(3760, 59, 9, 0),
(3761, 60, 9, 0),
(3762, 61, 9, 0),
(3763, 62, 9, 0),
(3764, 63, 9, 0),
(3765, 64, 9, 0),
(3766, 65, 9, 0),
(3767, 1, 10, 0),
(3768, 2, 10, 0),
(3769, 3, 10, 0),
(3770, 4, 10, 0),
(3771, 5, 10, 0),
(3772, 6, 10, 0),
(3773, 7, 10, 0),
(3774, 8, 10, 0),
(3775, 9, 10, 0),
(3776, 10, 10, 0),
(3777, 11, 10, 0),
(3778, 12, 10, 0),
(3779, 13, 10, 0),
(3780, 14, 10, 0),
(3781, 15, 10, 0),
(3782, 16, 10, 0),
(3783, 17, 10, 0),
(3784, 18, 10, 0),
(3785, 19, 10, 0),
(3786, 20, 10, 0),
(3787, 21, 10, 0),
(3788, 22, 10, 0),
(3789, 23, 10, 0),
(3790, 24, 10, 0),
(3791, 25, 10, 0),
(3792, 26, 10, 0),
(3793, 27, 10, 0),
(3794, 28, 10, 0),
(3795, 29, 10, 0),
(3796, 30, 10, 0),
(3797, 31, 10, 0),
(3798, 32, 10, 0),
(3799, 33, 10, 0),
(3800, 34, 10, 0),
(3801, 35, 10, 0),
(3802, 36, 10, 0),
(3803, 37, 10, 0),
(3804, 38, 10, 0),
(3805, 39, 10, 0),
(3806, 40, 10, 0),
(3807, 41, 10, 0),
(3808, 42, 10, 0),
(3809, 43, 10, 0),
(3810, 44, 10, 0),
(3811, 45, 10, 0),
(3812, 46, 10, 0),
(3813, 47, 10, 0),
(3814, 48, 10, 0),
(3815, 49, 10, 0),
(3816, 50, 10, 0),
(3817, 51, 10, 0),
(3818, 52, 10, 0),
(3819, 53, 10, 0),
(3820, 54, 10, 0),
(3821, 55, 10, 0),
(3822, 56, 10, 0),
(3823, 57, 10, 0),
(3824, 58, 10, 0),
(3825, 59, 10, 0),
(3826, 60, 10, 0),
(3827, 61, 10, 0),
(3828, 62, 10, 0),
(3829, 63, 10, 0),
(3830, 64, 10, 0),
(3831, 65, 10, 0),
(3832, 1, 11, 0),
(3833, 2, 11, 0),
(3834, 3, 11, 0),
(3835, 4, 11, 0),
(3836, 5, 11, 0),
(3837, 6, 11, 0),
(3838, 7, 11, 0),
(3839, 8, 11, 0),
(3840, 9, 11, 0),
(3841, 10, 11, 0),
(3842, 11, 11, 0),
(3843, 12, 11, 0),
(3844, 13, 11, 0),
(3845, 14, 11, 0),
(3846, 15, 11, 0),
(3847, 16, 11, 0),
(3848, 17, 11, 0),
(3849, 18, 11, 0),
(3850, 19, 11, 0),
(3851, 20, 11, 0),
(3852, 21, 11, 0),
(3853, 22, 11, 0),
(3854, 23, 11, 0),
(3855, 24, 11, 0),
(3856, 25, 11, 0),
(3857, 26, 11, 0),
(3858, 27, 11, 0),
(3859, 28, 11, 0),
(3860, 29, 11, 0),
(3861, 30, 11, 0),
(3862, 31, 11, 0),
(3863, 32, 11, 0),
(3864, 33, 11, 0),
(3865, 34, 11, 0),
(3866, 35, 11, 0),
(3867, 36, 11, 0),
(3868, 37, 11, 0),
(3869, 38, 11, 0),
(3870, 39, 11, 0),
(3871, 40, 11, 0),
(3872, 41, 11, 0),
(3873, 42, 11, 0),
(3874, 43, 11, 0),
(3875, 44, 11, 0),
(3876, 45, 11, 0),
(3877, 46, 11, 0),
(3878, 47, 11, 0),
(3879, 48, 11, 0),
(3880, 1, 12, 0),
(3881, 2, 12, 0),
(3882, 3, 12, 0),
(3883, 4, 12, 0),
(3884, 5, 12, 0),
(3885, 6, 12, 0),
(3886, 7, 12, 0),
(3887, 8, 12, 0),
(3888, 9, 12, 0),
(3889, 10, 12, 0),
(3890, 11, 12, 0),
(3891, 12, 12, 0),
(3892, 13, 12, 0),
(3893, 14, 12, 0),
(3894, 15, 12, 0),
(3895, 16, 12, 0),
(3896, 17, 12, 0),
(3897, 18, 12, 0),
(3898, 19, 12, 0),
(3899, 20, 12, 0),
(3900, 21, 12, 0),
(3901, 22, 12, 0),
(3902, 23, 12, 0),
(3903, 24, 12, 0),
(3904, 25, 12, 0),
(3905, 26, 12, 0),
(3906, 27, 12, 0),
(3907, 28, 12, 0),
(3908, 29, 12, 0),
(3909, 30, 12, 0),
(3910, 31, 12, 0),
(3911, 32, 12, 0),
(3912, 33, 12, 0),
(3913, 34, 12, 0),
(3914, 35, 12, 0),
(3915, 36, 12, 0),
(3916, 37, 12, 0),
(3917, 38, 12, 0),
(3918, 39, 12, 0),
(3919, 40, 12, 0),
(3920, 41, 12, 0),
(3921, 42, 12, 0),
(3922, 43, 12, 0),
(3923, 44, 12, 0),
(3924, 45, 12, 0),
(3925, 46, 12, 0),
(3926, 47, 12, 0),
(3927, 48, 12, 0),
(3928, 1, 13, 0),
(3929, 2, 13, 0),
(3930, 3, 13, 0),
(3931, 4, 13, 0),
(3932, 5, 13, 0),
(3933, 6, 13, 0),
(3934, 7, 13, 0),
(3935, 8, 13, 0),
(3936, 9, 13, 0),
(3937, 10, 13, 0),
(3938, 11, 13, 0),
(3939, 12, 13, 0),
(3940, 13, 13, 0),
(3941, 14, 13, 0),
(3942, 15, 13, 0),
(3943, 16, 13, 0),
(3944, 17, 13, 0),
(3945, 18, 13, 0),
(3946, 19, 13, 0),
(3947, 20, 13, 0),
(3948, 21, 13, 0),
(3949, 22, 13, 0),
(3950, 23, 13, 0),
(3951, 24, 13, 0),
(3952, 25, 13, 0),
(3953, 26, 13, 0),
(3954, 27, 13, 0),
(3955, 28, 13, 0),
(3956, 29, 13, 0),
(3957, 30, 13, 0),
(3958, 31, 13, 0),
(3959, 32, 13, 0),
(3960, 33, 13, 0),
(3961, 34, 13, 0),
(3962, 35, 13, 0),
(3963, 36, 13, 0),
(3964, 37, 13, 0),
(3965, 38, 13, 0),
(3966, 39, 13, 0),
(3967, 40, 13, 0),
(3968, 41, 13, 0),
(3969, 42, 13, 0),
(3970, 43, 13, 0),
(3971, 44, 13, 0),
(3972, 45, 13, 0),
(3973, 46, 13, 0),
(3974, 47, 13, 0),
(3975, 48, 13, 0),
(3976, 1, 14, 0),
(3977, 2, 14, 0),
(3978, 3, 14, 0),
(3979, 4, 14, 0),
(3980, 5, 14, 0),
(3981, 6, 14, 0),
(3982, 7, 14, 0),
(3983, 8, 14, 0),
(3984, 9, 14, 0),
(3985, 10, 14, 0),
(3986, 11, 14, 0),
(3987, 12, 14, 0),
(3988, 13, 14, 0),
(3989, 14, 14, 0),
(3990, 15, 14, 0),
(3991, 16, 14, 0),
(3992, 17, 14, 0),
(3993, 18, 14, 0),
(3994, 19, 14, 0),
(3995, 20, 14, 0),
(3996, 21, 14, 0),
(3997, 22, 14, 0),
(3998, 23, 14, 0),
(3999, 24, 14, 0),
(4000, 25, 14, 0),
(4001, 26, 14, 0),
(4002, 27, 14, 0),
(4003, 28, 14, 0),
(4004, 29, 14, 0),
(4005, 30, 14, 0),
(4006, 31, 14, 0),
(4007, 32, 14, 0),
(4008, 33, 14, 0),
(4009, 34, 14, 0),
(4010, 35, 14, 0),
(4011, 36, 14, 0),
(4012, 37, 14, 0),
(4013, 38, 14, 0),
(4014, 39, 14, 0),
(4015, 40, 14, 0),
(4016, 41, 14, 0),
(4017, 42, 14, 0),
(4018, 43, 14, 0),
(4019, 44, 14, 0),
(4020, 45, 14, 0),
(4021, 46, 14, 0),
(4022, 47, 14, 0),
(4023, 48, 14, 0),
(4024, 49, 14, 0),
(4025, 50, 14, 0),
(4026, 51, 14, 0),
(4027, 52, 14, 0),
(4028, 53, 14, 0),
(4029, 54, 14, 0),
(4030, 55, 14, 0),
(4031, 56, 14, 0),
(4032, 57, 14, 0),
(4033, 58, 14, 0),
(4034, 59, 14, 0),
(4035, 60, 14, 0),
(4036, 61, 14, 0),
(4037, 62, 14, 0),
(4038, 63, 14, 0),
(4039, 64, 14, 0),
(4040, 65, 14, 0),
(4041, 1, 15, 0),
(4042, 2, 15, 0),
(4043, 3, 15, 0),
(4044, 4, 15, 0),
(4045, 5, 15, 0),
(4046, 6, 15, 0),
(4047, 7, 15, 0),
(4048, 8, 15, 0),
(4049, 9, 15, 0),
(4050, 10, 15, 0),
(4051, 11, 15, 0),
(4052, 12, 15, 0),
(4053, 13, 15, 0),
(4054, 14, 15, 0),
(4055, 15, 15, 0),
(4056, 16, 15, 0),
(4057, 17, 15, 0),
(4058, 18, 15, 0),
(4059, 19, 15, 0),
(4060, 20, 15, 0),
(4061, 21, 15, 0),
(4062, 22, 15, 0),
(4063, 23, 15, 0),
(4064, 24, 15, 0),
(4065, 25, 15, 0),
(4066, 26, 15, 0),
(4067, 27, 15, 0),
(4068, 28, 15, 0),
(4069, 29, 15, 0),
(4070, 30, 15, 0),
(4071, 31, 15, 0),
(4072, 32, 15, 0),
(4073, 33, 15, 0),
(4074, 34, 15, 0),
(4075, 35, 15, 0),
(4076, 36, 15, 0),
(4077, 37, 15, 0),
(4078, 38, 15, 0),
(4079, 39, 15, 0),
(4080, 40, 15, 0),
(4081, 41, 15, 0),
(4082, 42, 15, 0),
(4083, 43, 15, 0),
(4084, 44, 15, 0),
(4085, 45, 15, 0),
(4086, 46, 15, 0),
(4087, 47, 15, 0),
(4088, 48, 15, 0),
(4089, 49, 15, 0),
(4090, 50, 15, 0),
(4091, 51, 15, 0),
(4092, 52, 15, 0),
(4093, 53, 15, 0),
(4094, 54, 15, 0),
(4095, 55, 15, 0),
(4096, 56, 15, 0),
(4097, 57, 15, 0),
(4098, 58, 15, 0),
(4099, 59, 15, 0),
(4100, 60, 15, 0),
(4101, 61, 15, 0),
(4102, 62, 15, 0),
(4103, 63, 15, 0),
(4104, 64, 15, 0),
(4105, 65, 15, 0),
(4106, 1, 16, 0),
(4107, 2, 16, 0),
(4108, 3, 16, 0),
(4109, 4, 16, 0),
(4110, 5, 16, 0),
(4111, 6, 16, 0),
(4112, 7, 16, 0),
(4113, 8, 16, 0),
(4114, 9, 16, 0),
(4115, 10, 16, 0),
(4116, 11, 16, 0),
(4117, 12, 16, 0),
(4118, 13, 16, 0),
(4119, 14, 16, 0),
(4120, 15, 16, 0),
(4121, 16, 16, 0),
(4122, 17, 16, 0),
(4123, 18, 16, 0),
(4124, 19, 16, 0),
(4125, 20, 16, 0),
(4126, 21, 16, 0),
(4127, 22, 16, 0),
(4128, 23, 16, 0),
(4129, 24, 16, 0),
(4130, 25, 16, 0),
(4131, 26, 16, 0),
(4132, 27, 16, 0),
(4133, 28, 16, 0),
(4134, 29, 16, 0),
(4135, 30, 16, 0),
(4136, 31, 16, 0),
(4137, 32, 16, 0),
(4138, 33, 16, 0),
(4139, 34, 16, 0),
(4140, 35, 16, 0),
(4141, 36, 16, 0),
(4142, 37, 16, 0),
(4143, 38, 16, 0),
(4144, 39, 16, 0),
(4145, 40, 16, 0),
(4146, 41, 16, 0),
(4147, 42, 16, 0),
(4148, 43, 16, 0),
(4149, 44, 16, 0),
(4150, 45, 16, 0),
(4151, 46, 16, 0),
(4152, 47, 16, 0),
(4153, 48, 16, 0),
(4154, 49, 16, 0),
(4155, 50, 16, 0),
(4156, 51, 16, 0),
(4157, 52, 16, 0),
(4158, 53, 16, 0),
(4159, 54, 16, 0),
(4160, 55, 16, 0),
(4161, 56, 16, 0),
(4162, 57, 16, 0),
(4163, 58, 16, 0),
(4164, 59, 16, 0),
(4165, 60, 16, 0),
(4166, 61, 16, 0),
(4167, 62, 16, 0),
(4168, 63, 16, 0),
(4169, 64, 16, 0),
(4170, 65, 16, 0),
(4171, 1, 18, 0),
(4172, 2, 18, 0),
(4173, 3, 18, 0),
(4174, 4, 18, 0),
(4175, 5, 18, 0),
(4176, 6, 18, 0),
(4177, 7, 18, 0),
(4178, 8, 18, 0),
(4179, 9, 18, 0),
(4180, 10, 18, 0),
(4181, 11, 18, 0),
(4182, 12, 18, 0),
(4183, 13, 18, 0),
(4184, 14, 18, 0),
(4185, 15, 18, 0),
(4186, 16, 18, 0),
(4187, 17, 18, 0),
(4188, 18, 18, 0),
(4189, 19, 18, 0),
(4190, 20, 18, 0),
(4191, 21, 18, 0),
(4192, 22, 18, 0),
(4193, 23, 18, 0),
(4194, 24, 18, 0),
(4195, 25, 18, 0),
(4196, 26, 18, 0),
(4197, 27, 18, 0),
(4198, 28, 18, 0),
(4199, 29, 18, 0),
(4200, 30, 18, 0),
(4201, 31, 18, 0),
(4202, 32, 18, 0),
(4203, 33, 18, 0),
(4204, 34, 18, 0),
(4205, 35, 18, 0),
(4206, 36, 18, 0),
(4207, 37, 18, 0),
(4208, 38, 18, 0),
(4209, 39, 18, 0),
(4210, 40, 18, 0),
(4211, 41, 18, 0),
(4212, 42, 18, 0),
(4213, 43, 18, 0),
(4214, 44, 18, 0),
(4215, 45, 18, 0),
(4216, 46, 18, 0),
(4217, 47, 18, 0),
(4218, 48, 18, 0),
(4219, 1, 19, 0),
(4220, 2, 19, 0),
(4221, 3, 19, 0),
(4222, 4, 19, 0),
(4223, 5, 19, 0),
(4224, 6, 19, 0),
(4225, 7, 19, 0),
(4226, 8, 19, 0),
(4227, 9, 19, 0),
(4228, 10, 19, 0),
(4229, 11, 19, 0),
(4230, 12, 19, 0),
(4231, 13, 19, 0),
(4232, 14, 19, 0),
(4233, 15, 19, 0),
(4234, 16, 19, 0),
(4235, 17, 19, 0),
(4236, 18, 19, 0),
(4237, 19, 19, 0),
(4238, 20, 19, 0),
(4239, 21, 19, 0),
(4240, 22, 19, 0),
(4241, 23, 19, 0),
(4242, 24, 19, 0),
(4243, 25, 19, 0),
(4244, 26, 19, 0),
(4245, 27, 19, 0),
(4246, 28, 19, 0),
(4247, 29, 19, 0),
(4248, 30, 19, 0),
(4249, 31, 19, 0),
(4250, 32, 19, 0),
(4251, 33, 19, 0),
(4252, 34, 19, 0),
(4253, 35, 19, 0),
(4254, 36, 19, 0),
(4255, 37, 19, 0),
(4256, 38, 19, 0),
(4257, 39, 19, 0),
(4258, 40, 19, 0),
(4259, 41, 19, 0),
(4260, 42, 19, 0),
(4261, 43, 19, 0),
(4262, 44, 19, 0),
(4263, 45, 19, 0),
(4264, 46, 19, 0),
(4265, 47, 19, 0),
(4266, 48, 19, 0),
(4267, 49, 19, 0),
(4268, 50, 19, 0),
(4269, 51, 19, 0),
(4270, 52, 19, 0),
(4271, 53, 19, 0),
(4272, 54, 19, 0),
(4273, 55, 19, 0),
(4274, 56, 19, 0),
(4275, 57, 19, 0),
(4276, 58, 19, 0),
(4277, 59, 19, 0),
(4278, 60, 19, 0),
(4279, 61, 19, 0),
(4280, 62, 19, 0),
(4281, 63, 19, 0),
(4282, 64, 19, 0),
(4283, 65, 19, 0),
(4284, 1, 20, 0),
(4285, 2, 20, 0),
(4286, 3, 20, 0),
(4287, 4, 20, 0),
(4288, 5, 20, 0),
(4289, 6, 20, 0),
(4290, 7, 20, 0),
(4291, 8, 20, 0),
(4292, 9, 20, 0),
(4293, 10, 20, 0),
(4294, 11, 20, 0),
(4295, 12, 20, 0),
(4296, 13, 20, 0),
(4297, 14, 20, 0),
(4298, 15, 20, 0),
(4299, 16, 20, 0),
(4300, 17, 20, 0),
(4301, 18, 20, 0),
(4302, 19, 20, 0),
(4303, 20, 20, 0),
(4304, 21, 20, 0),
(4305, 22, 20, 0),
(4306, 23, 20, 0),
(4307, 24, 20, 0),
(4308, 25, 20, 0),
(4309, 26, 20, 0),
(4310, 27, 20, 0),
(4311, 28, 20, 0),
(4312, 29, 20, 0),
(4313, 30, 20, 0),
(4314, 31, 20, 0),
(4315, 32, 20, 0),
(4316, 33, 20, 0),
(4317, 34, 20, 0),
(4318, 35, 20, 0),
(4319, 36, 20, 0),
(4320, 37, 20, 0),
(4321, 38, 20, 0),
(4322, 39, 20, 0),
(4323, 40, 20, 0),
(4324, 41, 20, 0),
(4325, 42, 20, 0),
(4326, 43, 20, 0),
(4327, 44, 20, 0),
(4328, 45, 20, 0),
(4329, 46, 20, 0),
(4330, 47, 20, 0),
(4331, 48, 20, 0),
(4332, 49, 20, 0),
(4333, 50, 20, 0),
(4334, 51, 20, 0),
(4335, 52, 20, 0),
(4336, 53, 20, 0),
(4337, 54, 20, 0),
(4338, 55, 20, 0),
(4339, 56, 20, 0),
(4340, 57, 20, 0),
(4341, 58, 20, 0),
(4342, 59, 20, 0),
(4343, 60, 20, 0),
(4344, 61, 20, 0),
(4345, 62, 20, 0),
(4346, 63, 20, 0),
(4347, 64, 20, 0),
(4348, 65, 20, 0),
(4349, 1, 21, 0),
(4350, 2, 21, 0),
(4351, 3, 21, 0),
(4352, 4, 21, 0),
(4353, 5, 21, 0),
(4354, 6, 21, 0),
(4355, 7, 21, 0),
(4356, 8, 21, 0),
(4357, 9, 21, 0),
(4358, 10, 21, 0),
(4359, 11, 21, 0),
(4360, 12, 21, 0),
(4361, 13, 21, 0),
(4362, 14, 21, 0),
(4363, 15, 21, 0),
(4364, 16, 21, 0),
(4365, 17, 21, 0),
(4366, 18, 21, 0),
(4367, 19, 21, 0),
(4368, 20, 21, 0),
(4369, 21, 21, 0),
(4370, 22, 21, 0),
(4371, 23, 21, 0),
(4372, 24, 21, 0),
(4373, 25, 21, 0),
(4374, 26, 21, 0),
(4375, 27, 21, 0),
(4376, 28, 21, 0),
(4377, 29, 21, 0),
(4378, 30, 21, 0),
(4379, 31, 21, 0),
(4380, 32, 21, 0),
(4381, 33, 21, 0),
(4382, 34, 21, 0),
(4383, 35, 21, 0),
(4384, 36, 21, 0),
(4385, 37, 21, 0),
(4386, 38, 21, 0),
(4387, 39, 21, 0),
(4388, 40, 21, 0),
(4389, 41, 21, 0),
(4390, 42, 21, 0),
(4391, 43, 21, 0),
(4392, 44, 21, 0),
(4393, 45, 21, 0),
(4394, 46, 21, 0),
(4395, 47, 21, 0),
(4396, 48, 21, 0),
(4397, 49, 21, 0),
(4398, 50, 21, 0),
(4399, 51, 21, 0),
(4400, 52, 21, 0),
(4401, 53, 21, 0),
(4402, 54, 21, 0),
(4403, 55, 21, 0),
(4404, 56, 21, 0),
(4405, 57, 21, 0),
(4406, 58, 21, 0),
(4407, 59, 21, 0),
(4408, 60, 21, 0),
(4409, 61, 21, 0),
(4410, 62, 21, 0),
(4411, 63, 21, 0),
(4412, 64, 21, 0),
(4413, 65, 21, 0),
(4414, 1, 22, 0),
(4415, 2, 22, 0),
(4416, 3, 22, 0),
(4417, 4, 22, 0),
(4418, 5, 22, 0),
(4419, 6, 22, 0),
(4420, 7, 22, 0),
(4421, 8, 22, 0),
(4422, 9, 22, 0),
(4423, 10, 22, 0),
(4424, 11, 22, 0),
(4425, 12, 22, 0),
(4426, 13, 22, 0),
(4427, 14, 22, 0),
(4428, 15, 22, 0),
(4429, 16, 22, 0),
(4430, 17, 22, 0),
(4431, 18, 22, 0),
(4432, 19, 22, 0),
(4433, 20, 22, 0),
(4434, 21, 22, 0),
(4435, 22, 22, 0),
(4436, 23, 22, 0),
(4437, 24, 22, 0),
(4438, 25, 22, 0),
(4439, 26, 22, 0),
(4440, 27, 22, 0),
(4441, 28, 22, 0),
(4442, 29, 22, 0),
(4443, 30, 22, 0),
(4444, 31, 22, 0),
(4445, 32, 22, 0),
(4446, 33, 22, 0),
(4447, 34, 22, 0),
(4448, 35, 22, 0),
(4449, 36, 22, 0),
(4450, 37, 22, 0),
(4451, 38, 22, 0),
(4452, 39, 22, 0),
(4453, 40, 22, 0),
(4454, 41, 22, 0),
(4455, 42, 22, 0),
(4456, 43, 22, 0),
(4457, 44, 22, 0),
(4458, 45, 22, 0),
(4459, 46, 22, 0),
(4460, 47, 22, 0),
(4461, 48, 22, 0),
(4462, 1, 23, 0),
(4463, 2, 23, 0),
(4464, 3, 23, 0),
(4465, 4, 23, 0),
(4466, 5, 23, 0),
(4467, 6, 23, 0),
(4468, 7, 23, 0),
(4469, 8, 23, 0),
(4470, 9, 23, 0),
(4471, 10, 23, 0),
(4472, 11, 23, 0),
(4473, 12, 23, 0),
(4474, 13, 23, 0),
(4475, 14, 23, 0),
(4476, 15, 23, 0),
(4477, 16, 23, 0),
(4478, 17, 23, 0),
(4479, 18, 23, 0),
(4480, 19, 23, 0),
(4481, 20, 23, 0),
(4482, 21, 23, 0),
(4483, 22, 23, 0),
(4484, 23, 23, 0),
(4485, 24, 23, 0),
(4486, 25, 23, 0),
(4487, 26, 23, 0),
(4488, 27, 23, 0),
(4489, 28, 23, 0),
(4490, 29, 23, 0),
(4491, 30, 23, 0),
(4492, 31, 23, 0),
(4493, 32, 23, 0),
(4494, 33, 23, 0),
(4495, 34, 23, 0),
(4496, 35, 23, 0),
(4497, 36, 23, 0),
(4498, 37, 23, 0),
(4499, 38, 23, 0),
(4500, 39, 23, 0),
(4501, 40, 23, 0),
(4502, 41, 23, 0),
(4503, 42, 23, 0),
(4504, 43, 23, 0),
(4505, 44, 23, 0),
(4506, 45, 23, 0),
(4507, 46, 23, 0),
(4508, 47, 23, 0),
(4509, 48, 23, 0),
(4510, 49, 23, 0),
(4511, 50, 23, 0),
(4512, 51, 23, 0),
(4513, 52, 23, 0),
(4514, 53, 23, 0),
(4515, 54, 23, 0),
(4516, 55, 23, 0),
(4517, 56, 23, 0),
(4518, 57, 23, 0),
(4519, 58, 23, 0),
(4520, 59, 23, 0),
(4521, 60, 23, 0),
(4522, 61, 23, 0),
(4523, 62, 23, 0),
(4524, 63, 23, 0),
(4525, 64, 23, 0),
(4526, 65, 23, 0),
(4527, 1, 24, 0),
(4528, 2, 24, 0),
(4529, 3, 24, 0),
(4530, 4, 24, 0),
(4531, 5, 24, 0),
(4532, 6, 24, 0),
(4533, 7, 24, 0),
(4534, 8, 24, 0),
(4535, 9, 24, 0),
(4536, 10, 24, 0),
(4537, 11, 24, 0),
(4538, 12, 24, 0),
(4539, 13, 24, 0),
(4540, 14, 24, 0),
(4541, 15, 24, 0),
(4542, 16, 24, 0),
(4543, 17, 24, 0),
(4544, 18, 24, 0),
(4545, 19, 24, 0),
(4546, 20, 24, 0),
(4547, 21, 24, 0),
(4548, 22, 24, 0),
(4549, 23, 24, 0),
(4550, 24, 24, 0),
(4551, 25, 24, 0),
(4552, 26, 24, 0),
(4553, 27, 24, 0),
(4554, 28, 24, 0),
(4555, 29, 24, 0),
(4556, 30, 24, 0),
(4557, 31, 24, 0),
(4558, 32, 24, 0),
(4559, 33, 24, 0),
(4560, 34, 24, 0),
(4561, 35, 24, 0),
(4562, 36, 24, 0),
(4563, 37, 24, 0),
(4564, 38, 24, 0),
(4565, 39, 24, 0),
(4566, 40, 24, 0),
(4567, 41, 24, 0),
(4568, 42, 24, 0),
(4569, 43, 24, 0),
(4570, 44, 24, 0),
(4571, 45, 24, 0),
(4572, 46, 24, 0),
(4573, 47, 24, 0),
(4574, 48, 24, 0),
(4575, 49, 24, 0),
(4576, 50, 24, 0),
(4577, 51, 24, 0),
(4578, 52, 24, 0),
(4579, 53, 24, 0),
(4580, 54, 24, 0),
(4581, 55, 24, 0),
(4582, 56, 24, 0),
(4583, 57, 24, 0),
(4584, 58, 24, 0),
(4585, 59, 24, 0),
(4586, 60, 24, 0),
(4587, 61, 24, 0),
(4588, 62, 24, 0),
(4589, 63, 24, 0),
(4590, 64, 24, 0),
(4591, 65, 24, 0),
(4592, 1, 25, 0),
(4593, 2, 25, 0),
(4594, 3, 25, 0),
(4595, 4, 25, 0),
(4596, 5, 25, 0),
(4597, 6, 25, 0),
(4598, 7, 25, 0),
(4599, 8, 25, 0),
(4600, 9, 25, 0),
(4601, 10, 25, 0),
(4602, 11, 25, 0),
(4603, 12, 25, 0),
(4604, 13, 25, 0),
(4605, 14, 25, 0),
(4606, 15, 25, 0),
(4607, 16, 25, 0),
(4608, 17, 25, 0),
(4609, 18, 25, 0),
(4610, 19, 25, 0),
(4611, 20, 25, 0),
(4612, 21, 25, 0),
(4613, 22, 25, 0),
(4614, 23, 25, 0),
(4615, 24, 25, 0),
(4616, 25, 25, 0),
(4617, 26, 25, 0),
(4618, 27, 25, 0),
(4619, 28, 25, 0),
(4620, 29, 25, 0),
(4621, 30, 25, 0),
(4622, 31, 25, 0),
(4623, 32, 25, 0),
(4624, 33, 25, 0),
(4625, 34, 25, 0),
(4626, 35, 25, 0),
(4627, 36, 25, 0),
(4628, 37, 25, 0),
(4629, 38, 25, 0),
(4630, 39, 25, 0),
(4631, 40, 25, 0),
(4632, 41, 25, 0),
(4633, 42, 25, 0),
(4634, 43, 25, 0),
(4635, 44, 25, 0),
(4636, 45, 25, 0),
(4637, 46, 25, 0),
(4638, 47, 25, 0),
(4639, 48, 25, 0),
(4640, 49, 25, 0),
(4641, 50, 25, 0),
(4642, 51, 25, 0),
(4643, 52, 25, 0),
(4644, 53, 25, 0),
(4645, 54, 25, 0),
(4646, 55, 25, 0),
(4647, 56, 25, 0),
(4648, 57, 25, 0),
(4649, 58, 25, 0),
(4650, 59, 25, 0),
(4651, 60, 25, 0),
(4652, 61, 25, 0),
(4653, 62, 25, 0),
(4654, 63, 25, 0),
(4655, 64, 25, 0),
(4656, 65, 25, 0),
(4657, 1, 26, 0),
(4658, 2, 26, 0),
(4659, 3, 26, 0),
(4660, 4, 26, 0),
(4661, 5, 26, 0),
(4662, 6, 26, 0),
(4663, 7, 26, 0),
(4664, 8, 26, 0),
(4665, 9, 26, 0),
(4666, 10, 26, 0),
(4667, 11, 26, 0),
(4668, 12, 26, 0),
(4669, 13, 26, 0),
(4670, 14, 26, 0),
(4671, 15, 26, 0),
(4672, 16, 26, 0),
(4673, 17, 26, 0),
(4674, 18, 26, 0),
(4675, 19, 26, 0),
(4676, 20, 26, 0),
(4677, 21, 26, 0),
(4678, 22, 26, 0),
(4679, 23, 26, 0),
(4680, 24, 26, 0),
(4681, 25, 26, 0),
(4682, 26, 26, 0),
(4683, 27, 26, 0),
(4684, 28, 26, 0),
(4685, 29, 26, 0),
(4686, 30, 26, 0),
(4687, 31, 26, 0),
(4688, 32, 26, 0),
(4689, 33, 26, 0),
(4690, 34, 26, 0),
(4691, 35, 26, 0),
(4692, 36, 26, 0),
(4693, 37, 26, 0),
(4694, 38, 26, 0),
(4695, 39, 26, 0),
(4696, 40, 26, 0),
(4697, 41, 26, 0),
(4698, 42, 26, 0),
(4699, 43, 26, 0),
(4700, 44, 26, 0),
(4701, 45, 26, 0),
(4702, 46, 26, 0),
(4703, 47, 26, 0),
(4704, 48, 26, 0),
(4705, 49, 26, 0),
(4706, 50, 26, 0),
(4707, 51, 26, 0),
(4708, 52, 26, 0),
(4709, 53, 26, 0),
(4710, 54, 26, 0),
(4711, 55, 26, 0),
(4712, 56, 26, 0),
(4713, 57, 26, 0),
(4714, 58, 26, 0),
(4715, 59, 26, 0),
(4716, 60, 26, 0),
(4717, 61, 26, 0),
(4718, 62, 26, 0),
(4719, 63, 26, 0),
(4720, 64, 26, 0),
(4721, 65, 26, 0),
(4722, 1, 27, 0),
(4723, 2, 27, 0),
(4724, 3, 27, 0),
(4725, 4, 27, 0),
(4726, 5, 27, 0),
(4727, 6, 27, 0),
(4728, 7, 27, 0),
(4729, 8, 27, 0),
(4730, 9, 27, 0),
(4731, 10, 27, 0),
(4732, 11, 27, 0),
(4733, 12, 27, 0),
(4734, 13, 27, 0),
(4735, 14, 27, 0),
(4736, 15, 27, 0),
(4737, 16, 27, 0),
(4738, 17, 27, 0),
(4739, 18, 27, 0),
(4740, 19, 27, 0),
(4741, 20, 27, 0),
(4742, 21, 27, 0),
(4743, 22, 27, 0),
(4744, 23, 27, 0),
(4745, 24, 27, 0),
(4746, 25, 27, 0),
(4747, 26, 27, 0),
(4748, 27, 27, 0),
(4749, 28, 27, 0),
(4750, 29, 27, 0),
(4751, 30, 27, 0),
(4752, 31, 27, 0),
(4753, 32, 27, 0),
(4754, 33, 27, 0),
(4755, 34, 27, 0),
(4756, 35, 27, 0),
(4757, 36, 27, 0),
(4758, 37, 27, 0),
(4759, 38, 27, 0),
(4760, 39, 27, 0),
(4761, 40, 27, 0),
(4762, 41, 27, 0),
(4763, 42, 27, 0),
(4764, 43, 27, 0),
(4765, 44, 27, 0),
(4766, 45, 27, 0),
(4767, 46, 27, 0),
(4768, 47, 27, 0),
(4769, 48, 27, 0),
(4770, 1, 28, 0),
(4771, 2, 28, 0),
(4772, 3, 28, 0),
(4773, 4, 28, 0),
(4774, 5, 28, 0),
(4775, 6, 28, 0),
(4776, 7, 28, 0),
(4777, 8, 28, 0),
(4778, 9, 28, 0),
(4779, 10, 28, 0),
(4780, 11, 28, 0),
(4781, 12, 28, 0),
(4782, 13, 28, 0),
(4783, 14, 28, 0),
(4784, 15, 28, 0),
(4785, 16, 28, 0),
(4786, 17, 28, 0),
(4787, 18, 28, 0),
(4788, 19, 28, 0),
(4789, 20, 28, 0),
(4790, 21, 28, 0),
(4791, 22, 28, 0),
(4792, 23, 28, 0),
(4793, 24, 28, 0),
(4794, 25, 28, 0),
(4795, 26, 28, 0),
(4796, 27, 28, 0),
(4797, 28, 28, 0),
(4798, 29, 28, 0),
(4799, 30, 28, 0),
(4800, 31, 28, 0),
(4801, 32, 28, 0),
(4802, 33, 28, 0),
(4803, 34, 28, 0),
(4804, 35, 28, 0),
(4805, 36, 28, 0),
(4806, 37, 28, 0),
(4807, 38, 28, 0),
(4808, 39, 28, 0),
(4809, 40, 28, 0),
(4810, 41, 28, 0),
(4811, 42, 28, 0),
(4812, 43, 28, 0),
(4813, 44, 28, 0),
(4814, 45, 28, 0),
(4815, 46, 28, 0),
(4816, 47, 28, 0),
(4817, 48, 28, 0),
(4818, 1, 29, 0),
(4819, 2, 29, 0),
(4820, 3, 29, 0),
(4821, 4, 29, 0),
(4822, 5, 29, 0),
(4823, 6, 29, 0),
(4824, 7, 29, 0),
(4825, 8, 29, 0),
(4826, 9, 29, 0),
(4827, 10, 29, 0),
(4828, 11, 29, 0),
(4829, 12, 29, 0),
(4830, 13, 29, 0),
(4831, 14, 29, 0),
(4832, 15, 29, 0),
(4833, 16, 29, 0),
(4834, 17, 29, 0),
(4835, 18, 29, 0),
(4836, 19, 29, 0),
(4837, 20, 29, 0),
(4838, 21, 29, 0),
(4839, 22, 29, 0),
(4840, 23, 29, 0),
(4841, 24, 29, 0),
(4842, 25, 29, 0),
(4843, 26, 29, 0),
(4844, 27, 29, 0),
(4845, 28, 29, 0),
(4846, 29, 29, 0),
(4847, 30, 29, 0),
(4848, 31, 29, 0),
(4849, 32, 29, 0),
(4850, 33, 29, 0),
(4851, 34, 29, 0),
(4852, 35, 29, 0),
(4853, 36, 29, 0),
(4854, 37, 29, 0),
(4855, 38, 29, 0),
(4856, 39, 29, 0),
(4857, 40, 29, 0),
(4858, 41, 29, 0),
(4859, 42, 29, 0),
(4860, 43, 29, 0),
(4861, 44, 29, 0),
(4862, 45, 29, 0),
(4863, 46, 29, 0),
(4864, 47, 29, 0),
(4865, 48, 29, 0),
(4866, 49, 29, 0),
(4867, 50, 29, 0),
(4868, 51, 29, 0),
(4869, 52, 29, 0),
(4870, 53, 29, 0),
(4871, 54, 29, 0),
(4872, 55, 29, 0),
(4873, 56, 29, 0),
(4874, 57, 29, 0),
(4875, 58, 29, 0),
(4876, 59, 29, 0),
(4877, 60, 29, 0),
(4878, 61, 29, 0),
(4879, 62, 29, 0),
(4880, 63, 29, 0),
(4881, 64, 29, 0),
(4882, 65, 29, 0),
(4883, 1, 30, 0),
(4884, 2, 30, 0),
(4885, 3, 30, 0),
(4886, 4, 30, 0),
(4887, 5, 30, 0),
(4888, 6, 30, 0),
(4889, 7, 30, 0),
(4890, 8, 30, 0),
(4891, 9, 30, 0),
(4892, 10, 30, 0),
(4893, 11, 30, 0),
(4894, 12, 30, 0),
(4895, 13, 30, 0),
(4896, 14, 30, 0),
(4897, 15, 30, 0),
(4898, 16, 30, 0),
(4899, 17, 30, 0),
(4900, 18, 30, 0),
(4901, 19, 30, 0),
(4902, 20, 30, 0),
(4903, 21, 30, 0),
(4904, 22, 30, 0),
(4905, 23, 30, 0),
(4906, 24, 30, 0),
(4907, 25, 30, 0),
(4908, 26, 30, 0),
(4909, 27, 30, 0),
(4910, 28, 30, 0),
(4911, 29, 30, 0),
(4912, 30, 30, 0),
(4913, 31, 30, 0),
(4914, 32, 30, 0),
(4915, 33, 30, 0),
(4916, 34, 30, 0),
(4917, 35, 30, 0),
(4918, 36, 30, 0),
(4919, 37, 30, 0),
(4920, 38, 30, 0),
(4921, 39, 30, 0),
(4922, 40, 30, 0),
(4923, 41, 30, 0),
(4924, 42, 30, 0),
(4925, 43, 30, 0),
(4926, 44, 30, 0),
(4927, 45, 30, 0),
(4928, 46, 30, 0),
(4929, 47, 30, 0),
(4930, 48, 30, 0),
(4931, 49, 30, 0),
(4932, 50, 30, 0),
(4933, 51, 30, 0),
(4934, 52, 30, 0),
(4935, 53, 30, 0),
(4936, 54, 30, 0),
(4937, 55, 30, 0),
(4938, 56, 30, 0),
(4939, 57, 30, 0),
(4940, 58, 30, 0),
(4941, 59, 30, 0),
(4942, 60, 30, 0),
(4943, 61, 30, 0),
(4944, 62, 30, 0),
(4945, 63, 30, 0),
(4946, 64, 30, 0),
(4947, 65, 30, 0),
(4948, 1, 31, 0),
(4949, 2, 31, 0),
(4950, 3, 31, 0),
(4951, 4, 31, 0),
(4952, 5, 31, 0),
(4953, 6, 31, 0),
(4954, 7, 31, 0),
(4955, 8, 31, 0),
(4956, 9, 31, 0),
(4957, 10, 31, 0),
(4958, 11, 31, 0),
(4959, 12, 31, 0),
(4960, 13, 31, 0),
(4961, 14, 31, 0),
(4962, 15, 31, 0),
(4963, 16, 31, 0),
(4964, 17, 31, 0),
(4965, 18, 31, 0),
(4966, 19, 31, 0),
(4967, 20, 31, 0),
(4968, 21, 31, 0),
(4969, 22, 31, 0),
(4970, 23, 31, 0),
(4971, 24, 31, 0),
(4972, 25, 31, 0),
(4973, 26, 31, 0),
(4974, 27, 31, 0),
(4975, 28, 31, 0),
(4976, 29, 31, 0),
(4977, 30, 31, 0),
(4978, 31, 31, 0),
(4979, 32, 31, 0),
(4980, 33, 31, 0),
(4981, 34, 31, 0),
(4982, 35, 31, 0),
(4983, 36, 31, 0),
(4984, 37, 31, 0),
(4985, 38, 31, 0),
(4986, 39, 31, 0),
(4987, 40, 31, 0),
(4988, 41, 31, 0),
(4989, 42, 31, 0),
(4990, 43, 31, 0),
(4991, 44, 31, 0),
(4992, 45, 31, 0),
(4993, 46, 31, 0),
(4994, 47, 31, 0),
(4995, 48, 31, 0),
(4996, 49, 31, 0),
(4997, 50, 31, 0),
(4998, 51, 31, 0),
(4999, 52, 31, 0),
(5000, 53, 31, 0),
(5001, 54, 31, 0),
(5002, 55, 31, 0),
(5003, 56, 31, 0),
(5004, 57, 31, 0),
(5005, 58, 31, 0),
(5006, 59, 31, 0),
(5007, 60, 31, 0),
(5008, 61, 31, 0),
(5009, 62, 31, 0),
(5010, 63, 31, 0),
(5011, 64, 31, 0),
(5012, 65, 31, 0),
(5013, 1, 32, 0),
(5014, 2, 32, 0),
(5015, 3, 32, 0),
(5016, 4, 32, 0),
(5017, 5, 32, 0),
(5018, 6, 32, 0),
(5019, 7, 32, 0),
(5020, 8, 32, 0),
(5021, 9, 32, 0),
(5022, 10, 32, 0),
(5023, 11, 32, 0),
(5024, 12, 32, 0),
(5025, 13, 32, 0),
(5026, 14, 32, 0),
(5027, 15, 32, 0),
(5028, 16, 32, 0),
(5029, 17, 32, 0),
(5030, 18, 32, 0),
(5031, 19, 32, 0),
(5032, 20, 32, 0),
(5033, 21, 32, 0),
(5034, 22, 32, 0),
(5035, 23, 32, 0),
(5036, 24, 32, 0),
(5037, 25, 32, 0),
(5038, 26, 32, 0),
(5039, 27, 32, 0),
(5040, 28, 32, 0),
(5041, 29, 32, 0),
(5042, 30, 32, 0),
(5043, 31, 32, 0),
(5044, 32, 32, 0),
(5045, 33, 32, 0),
(5046, 34, 32, 0),
(5047, 35, 32, 0),
(5048, 36, 32, 0),
(5049, 37, 32, 0),
(5050, 38, 32, 0),
(5051, 39, 32, 0),
(5052, 40, 32, 0),
(5053, 41, 32, 0),
(5054, 42, 32, 0),
(5055, 43, 32, 0),
(5056, 44, 32, 0),
(5057, 45, 32, 0),
(5058, 46, 32, 0),
(5059, 47, 32, 0),
(5060, 48, 32, 0),
(5061, 1, 33, 0),
(5062, 2, 33, 0),
(5063, 3, 33, 0),
(5064, 4, 33, 0),
(5065, 5, 33, 0),
(5066, 6, 33, 0),
(5067, 7, 33, 0),
(5068, 8, 33, 0),
(5069, 9, 33, 0),
(5070, 10, 33, 0),
(5071, 11, 33, 0),
(5072, 12, 33, 0),
(5073, 13, 33, 0),
(5074, 14, 33, 0),
(5075, 15, 33, 0),
(5076, 16, 33, 0),
(5077, 17, 33, 0),
(5078, 18, 33, 0),
(5079, 19, 33, 0),
(5080, 20, 33, 0),
(5081, 21, 33, 0),
(5082, 22, 33, 0),
(5083, 23, 33, 0),
(5084, 24, 33, 0),
(5085, 25, 33, 0),
(5086, 26, 33, 0),
(5087, 27, 33, 0),
(5088, 28, 33, 0),
(5089, 29, 33, 0),
(5090, 30, 33, 0),
(5091, 31, 33, 0),
(5092, 32, 33, 0),
(5093, 33, 33, 0),
(5094, 34, 33, 0),
(5095, 35, 33, 0),
(5096, 36, 33, 0),
(5097, 37, 33, 0),
(5098, 38, 33, 0),
(5099, 39, 33, 0),
(5100, 40, 33, 0),
(5101, 41, 33, 0),
(5102, 42, 33, 0),
(5103, 43, 33, 0),
(5104, 44, 33, 0),
(5105, 45, 33, 0),
(5106, 46, 33, 0),
(5107, 47, 33, 0),
(5108, 48, 33, 0),
(5109, 1, 34, 0),
(5110, 2, 34, 0),
(5111, 3, 34, 0),
(5112, 4, 34, 0),
(5113, 5, 34, 0),
(5114, 6, 34, 0),
(5115, 7, 34, 0),
(5116, 8, 34, 0),
(5117, 9, 34, 0),
(5118, 10, 34, 0),
(5119, 11, 34, 0),
(5120, 12, 34, 0),
(5121, 13, 34, 0),
(5122, 14, 34, 0),
(5123, 15, 34, 0),
(5124, 16, 34, 0),
(5125, 17, 34, 0),
(5126, 18, 34, 0),
(5127, 19, 34, 0),
(5128, 20, 34, 0),
(5129, 21, 34, 0),
(5130, 22, 34, 0),
(5131, 23, 34, 0),
(5132, 24, 34, 0),
(5133, 25, 34, 0),
(5134, 26, 34, 0),
(5135, 27, 34, 0),
(5136, 28, 34, 0),
(5137, 29, 34, 0),
(5138, 30, 34, 0),
(5139, 31, 34, 0),
(5140, 32, 34, 0),
(5141, 33, 34, 0),
(5142, 34, 34, 0),
(5143, 35, 34, 0),
(5144, 36, 34, 0),
(5145, 37, 34, 0),
(5146, 38, 34, 0),
(5147, 39, 34, 0),
(5148, 40, 34, 0),
(5149, 41, 34, 0),
(5150, 42, 34, 0),
(5151, 43, 34, 0),
(5152, 44, 34, 0),
(5153, 45, 34, 0),
(5154, 46, 34, 0),
(5155, 47, 34, 0),
(5156, 48, 34, 0),
(5157, 49, 34, 0),
(5158, 50, 34, 0),
(5159, 51, 34, 0),
(5160, 52, 34, 0),
(5161, 53, 34, 0),
(5162, 54, 34, 0),
(5163, 55, 34, 0),
(5164, 56, 34, 0),
(5165, 57, 34, 0),
(5166, 58, 34, 0),
(5167, 59, 34, 0),
(5168, 60, 34, 0),
(5169, 61, 34, 0),
(5170, 62, 34, 0),
(5171, 63, 34, 0),
(5172, 64, 34, 0),
(5173, 65, 34, 0),
(5174, 1, 35, 0),
(5175, 2, 35, 0),
(5176, 3, 35, 0),
(5177, 4, 35, 0),
(5178, 5, 35, 0),
(5179, 6, 35, 0),
(5180, 7, 35, 0),
(5181, 8, 35, 0),
(5182, 9, 35, 0),
(5183, 10, 35, 0),
(5184, 11, 35, 0),
(5185, 12, 35, 0),
(5186, 13, 35, 0),
(5187, 14, 35, 0),
(5188, 15, 35, 0),
(5189, 16, 35, 0),
(5190, 17, 35, 0),
(5191, 18, 35, 0),
(5192, 19, 35, 0),
(5193, 20, 35, 0),
(5194, 21, 35, 0),
(5195, 22, 35, 0),
(5196, 23, 35, 0),
(5197, 24, 35, 0),
(5198, 25, 35, 0),
(5199, 26, 35, 0),
(5200, 27, 35, 0),
(5201, 28, 35, 0),
(5202, 29, 35, 0),
(5203, 30, 35, 0),
(5204, 31, 35, 0),
(5205, 32, 35, 0),
(5206, 33, 35, 0),
(5207, 34, 35, 0),
(5208, 35, 35, 0),
(5209, 36, 35, 0),
(5210, 37, 35, 0),
(5211, 38, 35, 0),
(5212, 39, 35, 0),
(5213, 40, 35, 0),
(5214, 41, 35, 0),
(5215, 42, 35, 0),
(5216, 43, 35, 0),
(5217, 44, 35, 0),
(5218, 45, 35, 0),
(5219, 46, 35, 0),
(5220, 47, 35, 0),
(5221, 48, 35, 0),
(5222, 1, 36, 0),
(5223, 2, 36, 0),
(5224, 3, 36, 0),
(5225, 4, 36, 0),
(5226, 5, 36, 0),
(5227, 6, 36, 0),
(5228, 7, 36, 0),
(5229, 8, 36, 0),
(5230, 9, 36, 0),
(5231, 10, 36, 0),
(5232, 11, 36, 0),
(5233, 12, 36, 0),
(5234, 13, 36, 0),
(5235, 14, 36, 0),
(5236, 15, 36, 0),
(5237, 16, 36, 0),
(5238, 17, 36, 0),
(5239, 18, 36, 0),
(5240, 19, 36, 0),
(5241, 20, 36, 0),
(5242, 21, 36, 0),
(5243, 22, 36, 0),
(5244, 23, 36, 0),
(5245, 24, 36, 0),
(5246, 25, 36, 0),
(5247, 26, 36, 0),
(5248, 27, 36, 0),
(5249, 28, 36, 0),
(5250, 29, 36, 0),
(5251, 30, 36, 0),
(5252, 31, 36, 0),
(5253, 32, 36, 0),
(5254, 33, 36, 0),
(5255, 34, 36, 0),
(5256, 35, 36, 0),
(5257, 36, 36, 0),
(5258, 37, 36, 0),
(5259, 38, 36, 0),
(5260, 39, 36, 0),
(5261, 40, 36, 0),
(5262, 41, 36, 0),
(5263, 42, 36, 0),
(5264, 43, 36, 0),
(5265, 44, 36, 0),
(5266, 45, 36, 0),
(5267, 46, 36, 0),
(5268, 47, 36, 0),
(5269, 48, 36, 0),
(5270, 49, 36, 0),
(5271, 50, 36, 0),
(5272, 51, 36, 0),
(5273, 52, 36, 0),
(5274, 53, 36, 0),
(5275, 54, 36, 0),
(5276, 55, 36, 0),
(5277, 56, 36, 0),
(5278, 57, 36, 0),
(5279, 58, 36, 0),
(5280, 59, 36, 0),
(5281, 60, 36, 0),
(5282, 61, 36, 0),
(5283, 62, 36, 0),
(5284, 63, 36, 0),
(5285, 64, 36, 0),
(5286, 65, 36, 0),
(5287, 1, 37, 0),
(5288, 2, 37, 0),
(5289, 3, 37, 0),
(5290, 4, 37, 0),
(5291, 5, 37, 0),
(5292, 6, 37, 0),
(5293, 7, 37, 0),
(5294, 8, 37, 0),
(5295, 9, 37, 0),
(5296, 10, 37, 0),
(5297, 11, 37, 0),
(5298, 12, 37, 0),
(5299, 13, 37, 0),
(5300, 14, 37, 0),
(5301, 15, 37, 0),
(5302, 16, 37, 0),
(5303, 17, 37, 0),
(5304, 18, 37, 0),
(5305, 19, 37, 0),
(5306, 20, 37, 0),
(5307, 21, 37, 0),
(5308, 22, 37, 0),
(5309, 23, 37, 0),
(5310, 24, 37, 0),
(5311, 25, 37, 0),
(5312, 26, 37, 0),
(5313, 27, 37, 0),
(5314, 28, 37, 0),
(5315, 29, 37, 0),
(5316, 30, 37, 0),
(5317, 31, 37, 0),
(5318, 32, 37, 0),
(5319, 33, 37, 0),
(5320, 34, 37, 0),
(5321, 35, 37, 0),
(5322, 36, 37, 0),
(5323, 37, 37, 0),
(5324, 38, 37, 0),
(5325, 39, 37, 0),
(5326, 40, 37, 0),
(5327, 41, 37, 0),
(5328, 42, 37, 0),
(5329, 43, 37, 0),
(5330, 44, 37, 0),
(5331, 45, 37, 0),
(5332, 46, 37, 0),
(5333, 47, 37, 0),
(5334, 48, 37, 0),
(5335, 49, 37, 0),
(5336, 50, 37, 0),
(5337, 51, 37, 0),
(5338, 52, 37, 0),
(5339, 53, 37, 0),
(5340, 54, 37, 0),
(5341, 55, 37, 0),
(5342, 56, 37, 0),
(5343, 57, 37, 0),
(5344, 58, 37, 0),
(5345, 59, 37, 0),
(5346, 60, 37, 0),
(5347, 61, 37, 0),
(5348, 62, 37, 0),
(5349, 63, 37, 0),
(5350, 64, 37, 0),
(5351, 65, 37, 0),
(5352, 1, 38, 0),
(5353, 2, 38, 0),
(5354, 3, 38, 0),
(5355, 4, 38, 0),
(5356, 5, 38, 0),
(5357, 6, 38, 0),
(5358, 7, 38, 0),
(5359, 8, 38, 0),
(5360, 9, 38, 0),
(5361, 10, 38, 0),
(5362, 11, 38, 0),
(5363, 12, 38, 0),
(5364, 13, 38, 0),
(5365, 14, 38, 0),
(5366, 15, 38, 0),
(5367, 16, 38, 0),
(5368, 17, 38, 0),
(5369, 18, 38, 0),
(5370, 19, 38, 0),
(5371, 20, 38, 0),
(5372, 21, 38, 0),
(5373, 22, 38, 0),
(5374, 23, 38, 0),
(5375, 24, 38, 0),
(5376, 25, 38, 0),
(5377, 26, 38, 0),
(5378, 27, 38, 0),
(5379, 28, 38, 0),
(5380, 29, 38, 0),
(5381, 30, 38, 0),
(5382, 31, 38, 0),
(5383, 32, 38, 0),
(5384, 33, 38, 0),
(5385, 34, 38, 0),
(5386, 35, 38, 0),
(5387, 36, 38, 0),
(5388, 37, 38, 0),
(5389, 38, 38, 0),
(5390, 39, 38, 0),
(5391, 40, 38, 0),
(5392, 41, 38, 0),
(5393, 42, 38, 0),
(5394, 43, 38, 0),
(5395, 44, 38, 0),
(5396, 45, 38, 0),
(5397, 46, 38, 0),
(5398, 47, 38, 0),
(5399, 48, 38, 0),
(5400, 1, 39, 0),
(5401, 2, 39, 0),
(5402, 3, 39, 0),
(5403, 4, 39, 0),
(5404, 5, 39, 0),
(5405, 6, 39, 0),
(5406, 7, 39, 0),
(5407, 8, 39, 0),
(5408, 9, 39, 0),
(5409, 10, 39, 0),
(5410, 11, 39, 0),
(5411, 12, 39, 0),
(5412, 13, 39, 0),
(5413, 14, 39, 0),
(5414, 15, 39, 0),
(5415, 16, 39, 0),
(5416, 17, 39, 0),
(5417, 18, 39, 0),
(5418, 19, 39, 0),
(5419, 20, 39, 0),
(5420, 21, 39, 0),
(5421, 22, 39, 0),
(5422, 23, 39, 0),
(5423, 24, 39, 0),
(5424, 25, 39, 0),
(5425, 26, 39, 0),
(5426, 27, 39, 0),
(5427, 28, 39, 0),
(5428, 29, 39, 0),
(5429, 30, 39, 0),
(5430, 31, 39, 0),
(5431, 32, 39, 0),
(5432, 33, 39, 0),
(5433, 34, 39, 0),
(5434, 35, 39, 0),
(5435, 36, 39, 0),
(5436, 37, 39, 0),
(5437, 38, 39, 0),
(5438, 39, 39, 0),
(5439, 40, 39, 0),
(5440, 41, 39, 0),
(5441, 42, 39, 0),
(5442, 43, 39, 0),
(5443, 44, 39, 0),
(5444, 45, 39, 0),
(5445, 46, 39, 0),
(5446, 47, 39, 0),
(5447, 48, 39, 0),
(5448, 1, 40, 0),
(5449, 2, 40, 0),
(5450, 3, 40, 0),
(5451, 4, 40, 0),
(5452, 5, 40, 0),
(5453, 6, 40, 0),
(5454, 7, 40, 0),
(5455, 8, 40, 0),
(5456, 9, 40, 0),
(5457, 10, 40, 0),
(5458, 11, 40, 0),
(5459, 12, 40, 0),
(5460, 13, 40, 0),
(5461, 14, 40, 0),
(5462, 15, 40, 0),
(5463, 16, 40, 0),
(5464, 17, 40, 0),
(5465, 18, 40, 0),
(5466, 19, 40, 0),
(5467, 20, 40, 0),
(5468, 21, 40, 0),
(5469, 22, 40, 0),
(5470, 23, 40, 0),
(5471, 24, 40, 0),
(5472, 25, 40, 0),
(5473, 26, 40, 0),
(5474, 27, 40, 0),
(5475, 28, 40, 0),
(5476, 29, 40, 0),
(5477, 30, 40, 0),
(5478, 31, 40, 0),
(5479, 32, 40, 0),
(5480, 33, 40, 0),
(5481, 34, 40, 0),
(5482, 35, 40, 0),
(5483, 36, 40, 0),
(5484, 37, 40, 0),
(5485, 38, 40, 0),
(5486, 39, 40, 0),
(5487, 40, 40, 0),
(5488, 41, 40, 0),
(5489, 42, 40, 0),
(5490, 43, 40, 0),
(5491, 44, 40, 0),
(5492, 45, 40, 0),
(5493, 46, 40, 0),
(5494, 47, 40, 0),
(5495, 48, 40, 0),
(5496, 49, 40, 0),
(5497, 50, 40, 0),
(5498, 51, 40, 0),
(5499, 52, 40, 0),
(5500, 53, 40, 0),
(5501, 54, 40, 0),
(5502, 55, 40, 0),
(5503, 56, 40, 0),
(5504, 57, 40, 0),
(5505, 58, 40, 0),
(5506, 59, 40, 0),
(5507, 60, 40, 0),
(5508, 61, 40, 0),
(5509, 62, 40, 0),
(5510, 63, 40, 0),
(5511, 64, 40, 0),
(5512, 65, 40, 0),
(5513, 1, 41, 0),
(5514, 2, 41, 0),
(5515, 3, 41, 0),
(5516, 4, 41, 0),
(5517, 5, 41, 0),
(5518, 6, 41, 0),
(5519, 7, 41, 0),
(5520, 8, 41, 0),
(5521, 9, 41, 0),
(5522, 10, 41, 0),
(5523, 11, 41, 0),
(5524, 12, 41, 0),
(5525, 13, 41, 0),
(5526, 14, 41, 0),
(5527, 15, 41, 0),
(5528, 16, 41, 0),
(5529, 17, 41, 0),
(5530, 18, 41, 0),
(5531, 19, 41, 0),
(5532, 20, 41, 0),
(5533, 21, 41, 0),
(5534, 22, 41, 0),
(5535, 23, 41, 0),
(5536, 24, 41, 0),
(5537, 25, 41, 0),
(5538, 26, 41, 0),
(5539, 27, 41, 0),
(5540, 28, 41, 0),
(5541, 29, 41, 0),
(5542, 30, 41, 0),
(5543, 31, 41, 0),
(5544, 32, 41, 0),
(5545, 33, 41, 0),
(5546, 34, 41, 0),
(5547, 35, 41, 0),
(5548, 36, 41, 0),
(5549, 37, 41, 0),
(5550, 38, 41, 0),
(5551, 39, 41, 0),
(5552, 40, 41, 0),
(5553, 41, 41, 0),
(5554, 42, 41, 0),
(5555, 43, 41, 0),
(5556, 44, 41, 0),
(5557, 45, 41, 0),
(5558, 46, 41, 0),
(5559, 47, 41, 0),
(5560, 48, 41, 0),
(5561, 49, 41, 0),
(5562, 50, 41, 0),
(5563, 51, 41, 0),
(5564, 52, 41, 0),
(5565, 53, 41, 0),
(5566, 54, 41, 0),
(5567, 55, 41, 0),
(5568, 56, 41, 0),
(5569, 57, 41, 0),
(5570, 58, 41, 0),
(5571, 59, 41, 0),
(5572, 60, 41, 0),
(5573, 61, 41, 0),
(5574, 62, 41, 0),
(5575, 63, 41, 0),
(5576, 64, 41, 0),
(5577, 65, 41, 0),
(5578, 1, 42, 0),
(5579, 2, 42, 0),
(5580, 3, 42, 0),
(5581, 4, 42, 0),
(5582, 5, 42, 0),
(5583, 6, 42, 0),
(5584, 7, 42, 0),
(5585, 8, 42, 0),
(5586, 9, 42, 0),
(5587, 10, 42, 0),
(5588, 11, 42, 0),
(5589, 12, 42, 0),
(5590, 13, 42, 0),
(5591, 14, 42, 0),
(5592, 15, 42, 0),
(5593, 16, 42, 0),
(5594, 17, 42, 0),
(5595, 18, 42, 0),
(5596, 19, 42, 0),
(5597, 20, 42, 0),
(5598, 21, 42, 0),
(5599, 22, 42, 0),
(5600, 23, 42, 0),
(5601, 24, 42, 0),
(5602, 25, 42, 0),
(5603, 26, 42, 0),
(5604, 27, 42, 0),
(5605, 28, 42, 0),
(5606, 29, 42, 0),
(5607, 30, 42, 0),
(5608, 31, 42, 0),
(5609, 32, 42, 0),
(5610, 33, 42, 0),
(5611, 34, 42, 0),
(5612, 35, 42, 0),
(5613, 36, 42, 0),
(5614, 37, 42, 0),
(5615, 38, 42, 0),
(5616, 39, 42, 0),
(5617, 40, 42, 0),
(5618, 41, 42, 0),
(5619, 42, 42, 0),
(5620, 43, 42, 0),
(5621, 44, 42, 0),
(5622, 45, 42, 0),
(5623, 46, 42, 0),
(5624, 47, 42, 0),
(5625, 48, 42, 0),
(5626, 49, 42, 0),
(5627, 50, 42, 0),
(5628, 51, 42, 0),
(5629, 52, 42, 0),
(5630, 53, 42, 0),
(5631, 54, 42, 0),
(5632, 55, 42, 0),
(5633, 56, 42, 0),
(5634, 57, 42, 0),
(5635, 58, 42, 0),
(5636, 59, 42, 0),
(5637, 60, 42, 0),
(5638, 61, 42, 0),
(5639, 62, 42, 0),
(5640, 63, 42, 0),
(5641, 64, 42, 0),
(5642, 65, 42, 0),
(5643, 1, 43, 0),
(5644, 2, 43, 0),
(5645, 3, 43, 0),
(5646, 4, 43, 0),
(5647, 5, 43, 0),
(5648, 6, 43, 0),
(5649, 7, 43, 0),
(5650, 8, 43, 0),
(5651, 9, 43, 0),
(5652, 10, 43, 0),
(5653, 11, 43, 0),
(5654, 12, 43, 0),
(5655, 13, 43, 0),
(5656, 14, 43, 0),
(5657, 15, 43, 0),
(5658, 16, 43, 0),
(5659, 17, 43, 0),
(5660, 18, 43, 0),
(5661, 19, 43, 0),
(5662, 20, 43, 0),
(5663, 21, 43, 0),
(5664, 22, 43, 0),
(5665, 23, 43, 0),
(5666, 24, 43, 0),
(5667, 25, 43, 0),
(5668, 26, 43, 0),
(5669, 27, 43, 0),
(5670, 28, 43, 0),
(5671, 29, 43, 0),
(5672, 30, 43, 0),
(5673, 31, 43, 0),
(5674, 32, 43, 0),
(5675, 33, 43, 0),
(5676, 34, 43, 0),
(5677, 35, 43, 0),
(5678, 36, 43, 0),
(5679, 37, 43, 0),
(5680, 38, 43, 0),
(5681, 39, 43, 0),
(5682, 40, 43, 0),
(5683, 41, 43, 0),
(5684, 42, 43, 0),
(5685, 43, 43, 0),
(5686, 44, 43, 0),
(5687, 45, 43, 0),
(5688, 46, 43, 0),
(5689, 47, 43, 0),
(5690, 48, 43, 0),
(5691, 1, 44, 0),
(5692, 2, 44, 0),
(5693, 3, 44, 0),
(5694, 4, 44, 0),
(5695, 5, 44, 0),
(5696, 6, 44, 0),
(5697, 7, 44, 0),
(5698, 8, 44, 0),
(5699, 9, 44, 0),
(5700, 10, 44, 0),
(5701, 11, 44, 0),
(5702, 12, 44, 0),
(5703, 13, 44, 0),
(5704, 14, 44, 0),
(5705, 15, 44, 0),
(5706, 16, 44, 0),
(5707, 17, 44, 0),
(5708, 18, 44, 0),
(5709, 19, 44, 0),
(5710, 20, 44, 0),
(5711, 21, 44, 0),
(5712, 22, 44, 0),
(5713, 23, 44, 0),
(5714, 24, 44, 0),
(5715, 25, 44, 0),
(5716, 26, 44, 0),
(5717, 27, 44, 0),
(5718, 28, 44, 0),
(5719, 29, 44, 0),
(5720, 30, 44, 0),
(5721, 31, 44, 0),
(5722, 32, 44, 0),
(5723, 33, 44, 0),
(5724, 34, 44, 0),
(5725, 35, 44, 0),
(5726, 36, 44, 0),
(5727, 37, 44, 0),
(5728, 38, 44, 0),
(5729, 39, 44, 0),
(5730, 40, 44, 0),
(5731, 41, 44, 0),
(5732, 42, 44, 0),
(5733, 43, 44, 0),
(5734, 44, 44, 0),
(5735, 45, 44, 0),
(5736, 46, 44, 0),
(5737, 47, 44, 0),
(5738, 48, 44, 0),
(5739, 49, 44, 0),
(5740, 50, 44, 0),
(5741, 51, 44, 0),
(5742, 52, 44, 0),
(5743, 53, 44, 0),
(5744, 54, 44, 0),
(5745, 55, 44, 0),
(5746, 56, 44, 0),
(5747, 57, 44, 0),
(5748, 58, 44, 0),
(5749, 59, 44, 0),
(5750, 60, 44, 0),
(5751, 61, 44, 0),
(5752, 62, 44, 0),
(5753, 63, 44, 0),
(5754, 64, 44, 0),
(5755, 65, 44, 0),
(5756, 1, 45, 0),
(5757, 2, 45, 0),
(5758, 3, 45, 0),
(5759, 4, 45, 0),
(5760, 5, 45, 0),
(5761, 6, 45, 0),
(5762, 7, 45, 0),
(5763, 8, 45, 0),
(5764, 9, 45, 0),
(5765, 10, 45, 0),
(5766, 11, 45, 0),
(5767, 12, 45, 0),
(5768, 13, 45, 0),
(5769, 14, 45, 0),
(5770, 15, 45, 0),
(5771, 16, 45, 0),
(5772, 17, 45, 0),
(5773, 18, 45, 0),
(5774, 19, 45, 0),
(5775, 20, 45, 0),
(5776, 21, 45, 0),
(5777, 22, 45, 0),
(5778, 23, 45, 0),
(5779, 24, 45, 0),
(5780, 25, 45, 0),
(5781, 26, 45, 0),
(5782, 27, 45, 0),
(5783, 28, 45, 0),
(5784, 29, 45, 0),
(5785, 30, 45, 0),
(5786, 31, 45, 0),
(5787, 32, 45, 0),
(5788, 33, 45, 0),
(5789, 34, 45, 0),
(5790, 35, 45, 0),
(5791, 36, 45, 0),
(5792, 37, 45, 0),
(5793, 38, 45, 0),
(5794, 39, 45, 0),
(5795, 40, 45, 0),
(5796, 41, 45, 0),
(5797, 42, 45, 0),
(5798, 43, 45, 0),
(5799, 44, 45, 0),
(5800, 45, 45, 0),
(5801, 46, 45, 0),
(5802, 47, 45, 0),
(5803, 48, 45, 0),
(5804, 1, 46, 0),
(5805, 2, 46, 0),
(5806, 3, 46, 0),
(5807, 4, 46, 0),
(5808, 5, 46, 0),
(5809, 6, 46, 0),
(5810, 7, 46, 0),
(5811, 8, 46, 0),
(5812, 9, 46, 0),
(5813, 10, 46, 0),
(5814, 11, 46, 0),
(5815, 12, 46, 0),
(5816, 13, 46, 0),
(5817, 14, 46, 0),
(5818, 15, 46, 0),
(5819, 16, 46, 0),
(5820, 17, 46, 0),
(5821, 18, 46, 0),
(5822, 19, 46, 0),
(5823, 20, 46, 0),
(5824, 21, 46, 0),
(5825, 22, 46, 0),
(5826, 23, 46, 0),
(5827, 24, 46, 0),
(5828, 25, 46, 0),
(5829, 26, 46, 0),
(5830, 27, 46, 0),
(5831, 28, 46, 0),
(5832, 29, 46, 0),
(5833, 30, 46, 0),
(5834, 31, 46, 0),
(5835, 32, 46, 0),
(5836, 33, 46, 0),
(5837, 34, 46, 0),
(5838, 35, 46, 0),
(5839, 36, 46, 0),
(5840, 37, 46, 0),
(5841, 38, 46, 0),
(5842, 39, 46, 0),
(5843, 40, 46, 0),
(5844, 41, 46, 0),
(5845, 42, 46, 0),
(5846, 43, 46, 0),
(5847, 44, 46, 0),
(5848, 45, 46, 0),
(5849, 46, 46, 0),
(5850, 47, 46, 0),
(5851, 48, 46, 0),
(5852, 49, 46, 0),
(5853, 50, 46, 0),
(5854, 51, 46, 0),
(5855, 52, 46, 0),
(5856, 53, 46, 0),
(5857, 54, 46, 0),
(5858, 55, 46, 0),
(5859, 56, 46, 0),
(5860, 57, 46, 0),
(5861, 58, 46, 0),
(5862, 59, 46, 0),
(5863, 60, 46, 0),
(5864, 61, 46, 0),
(5865, 62, 46, 0),
(5866, 63, 46, 0),
(5867, 64, 46, 0),
(5868, 65, 46, 0),
(5869, 1, 47, 0),
(5870, 2, 47, 0),
(5871, 3, 47, 0),
(5872, 4, 47, 0),
(5873, 5, 47, 0),
(5874, 6, 47, 0),
(5875, 7, 47, 0),
(5876, 8, 47, 0),
(5877, 9, 47, 0),
(5878, 10, 47, 0),
(5879, 11, 47, 0),
(5880, 12, 47, 0),
(5881, 13, 47, 0),
(5882, 14, 47, 0),
(5883, 15, 47, 0),
(5884, 16, 47, 0),
(5885, 17, 47, 0),
(5886, 18, 47, 0),
(5887, 19, 47, 0),
(5888, 20, 47, 0),
(5889, 21, 47, 0),
(5890, 22, 47, 0),
(5891, 23, 47, 0),
(5892, 24, 47, 0),
(5893, 25, 47, 0),
(5894, 26, 47, 0),
(5895, 27, 47, 0),
(5896, 28, 47, 0),
(5897, 29, 47, 0),
(5898, 30, 47, 0),
(5899, 31, 47, 0),
(5900, 32, 47, 0),
(5901, 33, 47, 0),
(5902, 34, 47, 0),
(5903, 35, 47, 0),
(5904, 36, 47, 0),
(5905, 37, 47, 0),
(5906, 38, 47, 0),
(5907, 39, 47, 0),
(5908, 40, 47, 0),
(5909, 41, 47, 0),
(5910, 42, 47, 0),
(5911, 43, 47, 0),
(5912, 44, 47, 0),
(5913, 45, 47, 0),
(5914, 46, 47, 0),
(5915, 47, 47, 0),
(5916, 48, 47, 0),
(5917, 49, 47, 0),
(5918, 50, 47, 0),
(5919, 51, 47, 0),
(5920, 52, 47, 0),
(5921, 53, 47, 0),
(5922, 54, 47, 0),
(5923, 55, 47, 0),
(5924, 56, 47, 0),
(5925, 57, 47, 0),
(5926, 58, 47, 0),
(5927, 59, 47, 0),
(5928, 60, 47, 0),
(5929, 61, 47, 0),
(5930, 62, 47, 0),
(5931, 63, 47, 0),
(5932, 64, 47, 0),
(5933, 65, 47, 0),
(5934, 1, 48, 0),
(5935, 2, 48, 0),
(5936, 3, 48, 0),
(5937, 4, 48, 0),
(5938, 5, 48, 0),
(5939, 6, 48, 0),
(5940, 7, 48, 0),
(5941, 8, 48, 0),
(5942, 9, 48, 0),
(5943, 10, 48, 0),
(5944, 11, 48, 0),
(5945, 12, 48, 0),
(5946, 13, 48, 0),
(5947, 14, 48, 0),
(5948, 15, 48, 0),
(5949, 16, 48, 0),
(5950, 17, 48, 0),
(5951, 18, 48, 0),
(5952, 19, 48, 0),
(5953, 20, 48, 0),
(5954, 21, 48, 0),
(5955, 22, 48, 0),
(5956, 23, 48, 0),
(5957, 24, 48, 0),
(5958, 25, 48, 0),
(5959, 26, 48, 0),
(5960, 27, 48, 0),
(5961, 28, 48, 0),
(5962, 29, 48, 0),
(5963, 30, 48, 0),
(5964, 31, 48, 0),
(5965, 32, 48, 0),
(5966, 33, 48, 0),
(5967, 34, 48, 0),
(5968, 35, 48, 0),
(5969, 36, 48, 0),
(5970, 37, 48, 0),
(5971, 38, 48, 0),
(5972, 39, 48, 0),
(5973, 40, 48, 0),
(5974, 41, 48, 0),
(5975, 42, 48, 0),
(5976, 43, 48, 0),
(5977, 44, 48, 0),
(5978, 45, 48, 0),
(5979, 46, 48, 0),
(5980, 47, 48, 0),
(5981, 48, 48, 0),
(5982, 1, 49, 0),
(5983, 2, 49, 0),
(5984, 3, 49, 0),
(5985, 4, 49, 0),
(5986, 5, 49, 0),
(5987, 6, 49, 0),
(5988, 7, 49, 0),
(5989, 8, 49, 0),
(5990, 9, 49, 0),
(5991, 10, 49, 0),
(5992, 11, 49, 0),
(5993, 12, 49, 0),
(5994, 13, 49, 0),
(5995, 14, 49, 0),
(5996, 15, 49, 0),
(5997, 16, 49, 0),
(5998, 17, 49, 0),
(5999, 18, 49, 0),
(6000, 19, 49, 0),
(6001, 20, 49, 0),
(6002, 21, 49, 0),
(6003, 22, 49, 0),
(6004, 23, 49, 0),
(6005, 24, 49, 0),
(6006, 25, 49, 0),
(6007, 26, 49, 0),
(6008, 27, 49, 0),
(6009, 28, 49, 0),
(6010, 29, 49, 0),
(6011, 30, 49, 0),
(6012, 31, 49, 0),
(6013, 32, 49, 0),
(6014, 33, 49, 0),
(6015, 34, 49, 0),
(6016, 35, 49, 0),
(6017, 36, 49, 0),
(6018, 37, 49, 0),
(6019, 38, 49, 0),
(6020, 39, 49, 0),
(6021, 40, 49, 0),
(6022, 41, 49, 0),
(6023, 42, 49, 0),
(6024, 43, 49, 0),
(6025, 44, 49, 0),
(6026, 45, 49, 0),
(6027, 46, 49, 0),
(6028, 47, 49, 0),
(6029, 48, 49, 0),
(6030, 1, 50, 0),
(6031, 2, 50, 0),
(6032, 3, 50, 0),
(6033, 4, 50, 0),
(6034, 5, 50, 0),
(6035, 6, 50, 0),
(6036, 7, 50, 0),
(6037, 8, 50, 0),
(6038, 9, 50, 0),
(6039, 10, 50, 0),
(6040, 11, 50, 0),
(6041, 12, 50, 0),
(6042, 13, 50, 0),
(6043, 14, 50, 0),
(6044, 15, 50, 0),
(6045, 16, 50, 0),
(6046, 17, 50, 0),
(6047, 18, 50, 0),
(6048, 19, 50, 0),
(6049, 20, 50, 0),
(6050, 21, 50, 0),
(6051, 22, 50, 0),
(6052, 23, 50, 0),
(6053, 24, 50, 0),
(6054, 25, 50, 0),
(6055, 26, 50, 0),
(6056, 27, 50, 0),
(6057, 28, 50, 0),
(6058, 29, 50, 0),
(6059, 30, 50, 0),
(6060, 31, 50, 0),
(6061, 32, 50, 0),
(6062, 33, 50, 0),
(6063, 34, 50, 0),
(6064, 35, 50, 0),
(6065, 36, 50, 0),
(6066, 37, 50, 0),
(6067, 38, 50, 0),
(6068, 39, 50, 0),
(6069, 40, 50, 0),
(6070, 41, 50, 0),
(6071, 42, 50, 0),
(6072, 43, 50, 0),
(6073, 44, 50, 0),
(6074, 45, 50, 0),
(6075, 46, 50, 0),
(6076, 47, 50, 0),
(6077, 48, 50, 0),
(6078, 49, 50, 0),
(6079, 50, 50, 0),
(6080, 51, 50, 0),
(6081, 52, 50, 0),
(6082, 53, 50, 0),
(6083, 54, 50, 0),
(6084, 55, 50, 0),
(6085, 56, 50, 0),
(6086, 57, 50, 0),
(6087, 58, 50, 0),
(6088, 59, 50, 0),
(6089, 60, 50, 0),
(6090, 61, 50, 0),
(6091, 62, 50, 0),
(6092, 63, 50, 0),
(6093, 64, 50, 0),
(6094, 65, 50, 0),
(6095, 1, 51, 0),
(6096, 2, 51, 0),
(6097, 3, 51, 0),
(6098, 4, 51, 0),
(6099, 5, 51, 0),
(6100, 6, 51, 0),
(6101, 7, 51, 0),
(6102, 8, 51, 0),
(6103, 9, 51, 0),
(6104, 10, 51, 0),
(6105, 11, 51, 0),
(6106, 12, 51, 0),
(6107, 13, 51, 0),
(6108, 14, 51, 0),
(6109, 15, 51, 0),
(6110, 16, 51, 0),
(6111, 17, 51, 0),
(6112, 18, 51, 0),
(6113, 19, 51, 0),
(6114, 20, 51, 0),
(6115, 21, 51, 0),
(6116, 22, 51, 0),
(6117, 23, 51, 0),
(6118, 24, 51, 0),
(6119, 25, 51, 0),
(6120, 26, 51, 0),
(6121, 27, 51, 0),
(6122, 28, 51, 0),
(6123, 29, 51, 0),
(6124, 30, 51, 0),
(6125, 31, 51, 0),
(6126, 32, 51, 0),
(6127, 33, 51, 0),
(6128, 34, 51, 0),
(6129, 35, 51, 0),
(6130, 36, 51, 0),
(6131, 37, 51, 0),
(6132, 38, 51, 0),
(6133, 39, 51, 0),
(6134, 40, 51, 0),
(6135, 41, 51, 0),
(6136, 42, 51, 0),
(6137, 43, 51, 0),
(6138, 44, 51, 0),
(6139, 45, 51, 0),
(6140, 46, 51, 0),
(6141, 47, 51, 0),
(6142, 48, 51, 0),
(6143, 1, 52, 0),
(6144, 2, 52, 0),
(6145, 3, 52, 0),
(6146, 4, 52, 0),
(6147, 5, 52, 0),
(6148, 6, 52, 0),
(6149, 7, 52, 0),
(6150, 8, 52, 0),
(6151, 9, 52, 0),
(6152, 10, 52, 0),
(6153, 11, 52, 0),
(6154, 12, 52, 0),
(6155, 13, 52, 0),
(6156, 14, 52, 0),
(6157, 15, 52, 0),
(6158, 16, 52, 0),
(6159, 17, 52, 0),
(6160, 18, 52, 0),
(6161, 19, 52, 0),
(6162, 20, 52, 0),
(6163, 21, 52, 0),
(6164, 22, 52, 0),
(6165, 23, 52, 0),
(6166, 24, 52, 0),
(6167, 25, 52, 0),
(6168, 26, 52, 0),
(6169, 27, 52, 0),
(6170, 28, 52, 0),
(6171, 29, 52, 0),
(6172, 30, 52, 0),
(6173, 31, 52, 0),
(6174, 32, 52, 0),
(6175, 33, 52, 0),
(6176, 34, 52, 0),
(6177, 35, 52, 0),
(6178, 36, 52, 0),
(6179, 37, 52, 0),
(6180, 38, 52, 0),
(6181, 39, 52, 0),
(6182, 40, 52, 0),
(6183, 41, 52, 0),
(6184, 42, 52, 0),
(6185, 43, 52, 0),
(6186, 44, 52, 0),
(6187, 45, 52, 0),
(6188, 46, 52, 0),
(6189, 47, 52, 0),
(6190, 48, 52, 0),
(6191, 1, 53, 0),
(6192, 2, 53, 0),
(6193, 3, 53, 0),
(6194, 4, 53, 0),
(6195, 5, 53, 0),
(6196, 6, 53, 0),
(6197, 7, 53, 0),
(6198, 8, 53, 0),
(6199, 9, 53, 0),
(6200, 10, 53, 0),
(6201, 11, 53, 0),
(6202, 12, 53, 0),
(6203, 13, 53, 0),
(6204, 14, 53, 0),
(6205, 15, 53, 0),
(6206, 16, 53, 0),
(6207, 17, 53, 0),
(6208, 18, 53, 0),
(6209, 19, 53, 0),
(6210, 20, 53, 0),
(6211, 21, 53, 0),
(6212, 22, 53, 0),
(6213, 23, 53, 0),
(6214, 24, 53, 0),
(6215, 25, 53, 0),
(6216, 26, 53, 0),
(6217, 27, 53, 0),
(6218, 28, 53, 0),
(6219, 29, 53, 0),
(6220, 30, 53, 0),
(6221, 31, 53, 0),
(6222, 32, 53, 0),
(6223, 33, 53, 0),
(6224, 34, 53, 0),
(6225, 35, 53, 0),
(6226, 36, 53, 0),
(6227, 37, 53, 0),
(6228, 38, 53, 0),
(6229, 39, 53, 0),
(6230, 40, 53, 0),
(6231, 41, 53, 0),
(6232, 42, 53, 0),
(6233, 43, 53, 0),
(6234, 44, 53, 0),
(6235, 45, 53, 0),
(6236, 46, 53, 0),
(6237, 47, 53, 0),
(6238, 48, 53, 0),
(6239, 49, 53, 0),
(6240, 50, 53, 0),
(6241, 51, 53, 0),
(6242, 52, 53, 0),
(6243, 53, 53, 0),
(6244, 54, 53, 0);
INSERT INTO `seats` (`id`, `number`, `id_trip`, `assigned`) VALUES
(6245, 55, 53, 0),
(6246, 56, 53, 0),
(6247, 57, 53, 0),
(6248, 58, 53, 0),
(6249, 59, 53, 0),
(6250, 60, 53, 0),
(6251, 61, 53, 0),
(6252, 62, 53, 0),
(6253, 63, 53, 0),
(6254, 64, 53, 0),
(6255, 65, 53, 0),
(6434, 1, 54, 0),
(6435, 2, 54, 0),
(6436, 3, 54, 0),
(6437, 4, 54, 0),
(6438, 5, 54, 0),
(6439, 6, 54, 0),
(6440, 7, 54, 0),
(6441, 8, 54, 0),
(6442, 9, 54, 0),
(6443, 10, 54, 0),
(6444, 11, 54, 0),
(6445, 12, 54, 0),
(6446, 13, 54, 0),
(6447, 14, 54, 0),
(6448, 15, 54, 0),
(6449, 16, 54, 0),
(6450, 17, 54, 0),
(6451, 18, 54, 0),
(6452, 19, 54, 0),
(6453, 20, 54, 0),
(6454, 21, 54, 0),
(6455, 22, 54, 0),
(6456, 23, 54, 0),
(6457, 24, 54, 0),
(6458, 25, 54, 0),
(6459, 26, 54, 0),
(6460, 27, 54, 0),
(6461, 28, 54, 0),
(6462, 29, 54, 0),
(6463, 30, 54, 0),
(6464, 31, 54, 0),
(6465, 32, 54, 0),
(6466, 33, 54, 0),
(6467, 34, 54, 0),
(6468, 35, 54, 0),
(6469, 36, 54, 0),
(6470, 37, 54, 0),
(6471, 38, 54, 0),
(6472, 39, 54, 0),
(6473, 40, 54, 0),
(6474, 41, 54, 0),
(6475, 42, 54, 0),
(6476, 43, 54, 0),
(6477, 44, 54, 0),
(6478, 45, 54, 0),
(6479, 46, 54, 0),
(6480, 47, 54, 0),
(6481, 48, 54, 0),
(6482, 1, 55, 0),
(6483, 2, 55, 0),
(6484, 3, 55, 0),
(6485, 4, 55, 0),
(6486, 5, 55, 0),
(6487, 6, 55, 0),
(6488, 7, 55, 0),
(6489, 8, 55, 0),
(6490, 9, 55, 0),
(6491, 10, 55, 0),
(6492, 11, 55, 0),
(6493, 12, 55, 0),
(6494, 13, 55, 0),
(6495, 14, 55, 0),
(6496, 15, 55, 0),
(6497, 16, 55, 0),
(6498, 17, 55, 0),
(6499, 18, 55, 0),
(6500, 19, 55, 0),
(6501, 20, 55, 0),
(6502, 21, 55, 0),
(6503, 22, 55, 0),
(6504, 23, 55, 0),
(6505, 24, 55, 0),
(6506, 25, 55, 0),
(6507, 26, 55, 0),
(6508, 27, 55, 0),
(6509, 28, 55, 0),
(6510, 29, 55, 0),
(6511, 30, 55, 0),
(6512, 31, 55, 0),
(6513, 32, 55, 0),
(6514, 33, 55, 0),
(6515, 34, 55, 0),
(6516, 35, 55, 0),
(6517, 36, 55, 0),
(6518, 37, 55, 0),
(6519, 38, 55, 0),
(6520, 39, 55, 0),
(6521, 40, 55, 0),
(6522, 41, 55, 0),
(6523, 42, 55, 0),
(6524, 43, 55, 0),
(6525, 44, 55, 0),
(6526, 45, 55, 0),
(6527, 46, 55, 0),
(6528, 47, 55, 0),
(6529, 48, 55, 0),
(6530, 49, 55, 0),
(6531, 50, 55, 0),
(6532, 51, 55, 0),
(6533, 52, 55, 0),
(6534, 53, 55, 0),
(6535, 54, 55, 0),
(6536, 55, 55, 0),
(6537, 56, 55, 0),
(6538, 57, 55, 0),
(6539, 58, 55, 0),
(6540, 59, 55, 0),
(6541, 60, 55, 0),
(6542, 61, 55, 0),
(6543, 62, 55, 0),
(6544, 63, 55, 0),
(6545, 64, 55, 0),
(6546, 65, 55, 0);
